public/data/global.ionex
     1.0            IONOSPHERE MAPS     GNSS                IONEX VERSION / TYPE
ADDNEQ2 V5.5        AIUB                04-JUL-26 19:00     PGM / RUN BY / DATE 
CODE'S GLOBAL IONOSPHERE MAPS FOR DAY 181, 2026             COMMENT             
Global ionosphere maps (GIM) are generated on a daily basis DESCRIPTION         
at CODE using data from about 300 GNSS sites of the IGS and DESCRIPTION         
other institutions. The vertical total electron content     DESCRIPTION         
(VTEC) is modeled in a solar-geomagnetic reference frame    DESCRIPTION         
using a spherical harmonics expansion up to degree and      DESCRIPTION         
order 15. Piece-wise linear functions are used for          DESCRIPTION         
representation in the time domain. The time spacing of      DESCRIPTION         
their vertices is 1 hour, conforming with the epochs of the DESCRIPTION         
VTEC maps.                                                  DESCRIPTION         
To convert line-of-sight TEC into vertical TEC, a modified  DESCRIPTION         
single-layer model mapping function approximating the JPL   DESCRIPTION         
extended slab model mapping function is adopted. The        DESCRIPTION         
mapping function is evaluated at geodetic satellite         DESCRIPTION         
elevation angles. For the computation of the ionospheric    DESCRIPTION         
pierce points, a spherical layer with a radius of 6821 km   DESCRIPTION         
is assumed, implying geocentric, not geodetic IONEX         DESCRIPTION         
latitudes.                                                  DESCRIPTION         
Instrumental biases with respect to each involved GNSS code DESCRIPTION         
observable are estimated as constant values for each        DESCRIPTION         
day. They are modeled with one set of bias parameters for   DESCRIPTION         
each satellite and each station in case of GPS and for each DESCRIPTION         
satellite-station link in case of GLONASS. The code bias    DESCRIPTION         
datum is defined by zero-mean conditions imposed on the     DESCRIPTION         
satellite bias estimates. In this file, just GPS C1W-C2W    DESCRIPTION         
satellite and station bias values are included. The         DESCRIPTION         
complete set of GNSS code bias results is provided in an    DESCRIPTION         
additional Bias-SINEX file as pseudo-absolute values        DESCRIPTION         
specific to each observable.                                DESCRIPTION         
Note: These GIM results correspond to the results for the   DESCRIPTION         
middle day of a 3-day combination analysis solving for 73   DESCRIPTION         
times 256, or 18688 VTEC parameters and 3 daily sets of     DESCRIPTION         
GNSS code bias parameters.                                  DESCRIPTION         
Contact address: code(at)aiub.unibe.ch                      DESCRIPTION         
Data archive:    ftp.aiub.unibe.ch/CODE/                    DESCRIPTION         
                 www.aiub.unibe.ch/download/CODE/           DESCRIPTION         
  2026     6    30     0     0     0                        EPOCH OF FIRST MAP  
  2026     7     1     0     0     0                        EPOCH OF LAST MAP   
  3600                                                      INTERVAL            
[...]
badg bake barh bjfs bndy boav bogo bogt bor1 braz brft brst COMMENT             
brux bshm cags cas1 ccj2 cedu chpg chpi chti chur ckis cmum COMMENT             
coco cord cpvg cpxf cro1 daej darw dav1 dgar dhlg djig drao COMMENT             
dubi dubo ebre faa1 fair flin flrs frdn gamb ganp glps glsv COMMENT             
gode gol2 gold gope gras graz guam guug harb hers hert hlfx COMMENT             
hnpt hob2 hofn holb holm hrao iddr ieng iisc impz ineg iqal COMMENT             
irkj ispa jdpr jog2 joz2 joze karr kerg kir0 kiri kiru kit3 COMMENT             
kokb kokv kouc koug kour krgg lama laut lck4 lmmf lpal lpgs COMMENT             
m0se mac1 madr mal2 mas1 mat1 mate maui maw1 mcil mcm4 mdo1 COMMENT             
medi mgue mizu mkea mnls mobs monp morp mqzg mro1 mtka nano COMMENT             
naur nico nist nium nklg nlib nnor not1 nrc1 nrmd nya1 nyal COMMENT             
onsa ous2 park pdel penc pert pie1 pimo pohn pol2 pots pove COMMENT             
ptag ptbb ptvl qaq1 quin rbay reso reun reyk rgdg rio2 roth COMMENT             
salu samo sant sch2 scor scrz sctb seyg sfer smst spt0 sthl COMMENT             
stjo stk2 str2 suth sutm suwn sydn syog tash thtg thti thu2 COMMENT             
tid1 tidb tlse tn22 tow2 tro1 tskb tuva twtf txes uclu ulab COMMENT             
unb3 unbj unsa urum usn7 usud vald vill vtsp wab2 wark wgtn COMMENT             
whit will wind wsrt wtza wtzl wtzr wtzs wtzz xmis yar2 yar3 COMMENT             
yarr yell ykro zamb zeck zim2 zim3 zimm                     COMMENT             
                                                            END OF HEADER       
[from data line 8151]
    20                                                      START OF TEC MAP    
  2026     6    30    19     0     0                        EPOCH OF CURRENT MAP
    87.5-180.0 180.0   5.0 450.0                            LAT/LON1/LON2/DLON/H
  173  172  172  172  172  172  172  173  174  175  176  177  179  181  183  185
  188  190  193  195  198  200  202  205  207  209  211  212  214  215  216  216
  217  217  217  217  216  216  215  214  213  212  211  209  208  206  205  203
  202  201  199  198  196  195  193  192  191  189  188  187  185  184  183  182
  181  179  178  177  176  175  174  174  173
    85.0-180.0 180.0   5.0 450.0                            LAT/LON1/LON2/DLON/H
  159  156  154  152  151  150  150  150  150  152  154  157  160  164  168  173
  179  184  190  196  202  208  214  219  224  229  233  236  239  241  243  244
  244  244  243  241  240  238  235  233  230  227  224  221  219  216  213  211
  209  206  204  202  200  198  196  194  192  190  188  187  185  183  181  179
  177  175  173  171  168  166  163  161  159
    82.5-180.0 180.0   5.0 450.0                            LAT/LON1/LON2/DLON/H
  151  146  141  136  132  129  126  125  125  126  129  132  137  143  150  158
  167  176  186  196  205  215  224  233  241  248  254  259  263  266  268  269
  268  267  265  262  259  255  251  246  242  238  234  230  226  223  220  217
  215  213  210  208  206  204  202  199  197  195  193  191  189  187  185  183
  181  179  176  173  169  165  161  156  151
    80.0-180.0 180.0   5.0 450.0                            LAT/LON1/LON2/DLON/H
  150  141  133  125  117  111  106  102  101  102  104  109  116  124  133  144
  156  168  181  193  206  218  230  241  252  261  268  275  279  283  285  285
  284  282  279  274  270  264  259  253  248  243  238  234  231  228  226  224
  223  221  219  217  215  213  210  207  205  202  199  197  195  193  192  190
  188  186  184  181  176  171  165  158  150
    77.5-180.0 180.0   5.0 450.0                            LAT/LON1/LON2/DLON/H
  155  143  130  118  107   98   90   85   83   84   87   93  102  112  123  136
  149  163  178  192  206  219  232  244  255  264  272  279  284  287  289  289
  287  284  280  275  270  264  257  251  246  241  237  234  233  231  231  231
  231  230  230  228  226  223  219  215  211  207  203  200  198  197  196  196
  196  195  194  192  188  182  175  165  155
    75.0-180.0 180.0   5.0 450.0                            LAT/LON1/LON2/DLON/H
  165  150  134  119  104   92   83   77   75   77   82   90  101  113  126  140
  153  167  181  194  207  219  231  241  251  259  266  271  275  277  278  278
  276  273  269  265  259  253  248  242  238  234  232  230  230  232  233  236
  238  239  239  238  235  231  226  220  213  207  202  198  196  195  196  197
  200  202  204  204  201  196  188  178  165
    72.5-180.0 180.0   5.0 450.0                            LAT/LON1/LON2/DLON/H
  179  162  144  126  110   96   86   81   80   85   93  104  117  131  145  158
  171  182  193  203  213  222  230  237  243  248  252  255  256  257  257  256
  255  252  249  245  241  236  232  228  225  223  222  223  225  229  233  237
  241  243  244  243  240  234  227  218  209  201  194  190  187  188  190  195
  201  206  211  215  215  211  204  193  179
    70.0-180.0 180.0   5.0 450.0                            LAT/LON1/LON2/DLON/H
  196  178  159  140  123  110  101   97  100  108  120  134  150  166  180  192
  202  210  216  221  225  229  233  235  237  237  237  236  234  233  232  230
  229  227  225  223  220  217  214  212  211  211  212  214  218  223  228  234
  238  242  243  242  237  230  220  210  199  189  181  176  175  176  181  189
  198  208  217  224  227  226  220  210  196
    67.5-180.0 180.0   5.0 450.0                            LAT/LON1/LON2/DLON/H
  213  197  179  161  145  133  126  125  131  143  159  177  196  213  227  237
  243  246  247  246  245  244  242  240  237  232  227  222  217  213  210  208
  207  206  205  204  203  201  200  200  200  201  204  207  211  216  221  226
  231  234  235  233  227  219  208  196  184  173  165  161  161  165  172  183
  195  208  221  230  237  238  235  226  213
    65.0-180.0 180.0   5.0 450.0                            LAT/LON1/LON2/DLON/H
  230  216  201  186  172  163  159  161  171  186  205  226  247  265  277  285
  287  286  282  276  271  265  260  254  246  238  229  220  212  206  201  199
  197  197  196  195  195  194  194  195  197  199  201  204  207  210  213  216
  219  221  221  218  212  202  191  178  167  157  150  148  149  155  165  178
  192  208  222  235  243  247  246  240  230
    62.5-180.0 180.0   5.0 450.0                            LAT/LON1/LON2/DLON/H
  243  234  223  213  204  198  197  202  213  230  251  273  294  312  323  328
  328  322  315  306  298  290  283  275  266  256  245  233  223  214  209  206
  204  203  202  200  199  198  198  200  202  205  207  208  208  207  207  207
  207  207  205  201  194  185  173  162  151  144  139  139  142  150  161  175
  191  207  223  236  245  251  252  249  243
    60.0-180.0 180.0   5.0 450.0                            LAT/LON1/LON2/DLON/H
  252  249  245  241  237  235  236  242  253  269  289  311  331  347  357  360
  357  350  340  330  321  314  307  301  293  283  272  259  248  239  233  229
  227  225  221  217  214  212  211  213  216  219  220  219  215  210  204  199
  196  193  190  186  179  169  159  149  141  136  134  136  142  150  162  176
  191  206  221  234  244  250  254  254  252
    57.5-180.0 180.0   5.0 450.0                            LAT/LON1/LON2/DLON/H
  258  261  264  267  269  271  274  279  288  301  318  336  353  367  374  376
  372  365  355  346  338  333  329  326  321  314  305  294  283  274  268  265
  261  257  251  244  237  232  231  232  236  238  238  235  227  216  205  196
  189  184  180  175  168  160  151  143  138  135  136  140  146  155  165  177
  191  204  217  229  238  245  251  255  258
    55.0-180.0 180.0   5.0 450.0                            LAT/LON1/LON2/DLON/H
  261  271  281  291  298  304  308  312  317  325  336  349  361  371  376  377
  373  367  359  352  346  344  344  346  346  344  338  330  320  313  307  303
  299  292  283  272  262  255  252  253  257  259  259  252  241  226  210  196
  186  179  175  171  165  158  151  145  141  141  143  148  154  161  169  179
  189  200  211  221  230  238  245  253  261
    52.5-180.0 180.0   5.0 450.0                            LAT/LON1/LON2/DLON/H
  264  279  295  311  324  334  338  340  341  343  347  353  359  363  366  366
  363  359  354  349  346  347  351  357  363  366  365  360  352  346  341  337
  332  323  311  297  284  275  271  272  275  278  276  268  254  236  216  199
  187  179  175  172  168  162  156  152  150  151  154  158  162  167  172  179
  186  195  204  213  222  231  240  251  264
    50.0-180.0 180.0   5.0 450.0                            LAT/LON1/LON2/DLON/H
  268  287  308  329  346  358  364  364  361  358  355  354  353  352  351  350
  348  347  345  343  342  344  351  361  372  380  382  380  374  368  363  360
  354  345  332  316  302  291  287  287  289  291  288  280  264  244  222  203
  190  183  180  178  175  170  166  162  162  163  166  168  170  172  174  177
  182  189  197  206  216  227  238  252  268
    47.5-180.0 180.0   5.0 450.0                            LAT/LON1/LON2/DLON/H
  276  297  320  343  363  377  384  384  380  373  365  358  350  343  338  335
  335  337  338  338  338  341  349  361  375  386  391  390  384  378  374  371
  367  359  346  330  316  305  300  298  299  299  295  286  270  249  227  208
  194  188  186  185  184  180  177  174  174  176  178  178  177  176  175  175
  178  184  192  202  214  227  241  257  276
    45.0-180.0 180.0   5.0 450.0                            LAT/LON1/LON2/DLON/H
  287  307  330  354  375  391  400  401  398  390  380  368  355  342  332  328
  329  333  337  339  340  342  349  361  376  389  396  394  388  381  377  376
  374  367  357  343  331  321  315  311  308  305  299  289  274  254  232  213
  200  194  193  193  193  191  188  186  186  188  189  187  184  180  176  175
  176  182  190  202  217  233  250  268  287
    42.5-180.0 180.0   5.0 450.0                            LAT/LON1/LON2/DLON/H
  300  319  340  362  382  399  410  415  415  410  400  386  368  351  337  330
  331  338  346  350  351  352  357  368  383  395  401  399  391  384  382  382
  383  381  373  363  353  344  336  329  321  312  303  293  279  261  241  222
  209  202  201  201  201  200  197  196  197  198  198  196  191  184  179  177
  178  183  193  207  225  244  263  282  300
    40.0-180.0 180.0   5.0 450.0                            LAT/LON1/LON2/DLON/H
  314  331  348  367  386  403  417  426  431  431  425  411  391  369  351  342
  343  352  363  370  373  373  376  385  398  409  414  410  402  396  395  400
  404  406  402  395  387  378  368  355  341  326  314  302  289  273  255  236
  221  213  210  210  209  208  206  206  207  208  208  204  198  191  185  182
  183  189  200  216  236  258  279  298  314
    37.5-180.0 180.0   5.0 450.0                            LAT/LON1/LON2/DLON/H
  327  341  355  371  387  404  419  434  445  452  451  439  419  394  373  362
  363  374  387  398  403  403  405  412  423  432  436  433  426  422  425  433
  443  448  447  442  434  423  409  390  369  348  332  319  307  293  275  255
  238  227  221  219  218  216  215  214  216  217  216  213  206  199  193  190
  191  197  209  226  248  271  293  312  327
    35.0-180.0 180.0   5.0 450.0                            LAT/LON1/LON2/DLON/H
  336  348  360  373  388  403  420  438  456  470  476  468  449  424  400  387
  388  400  416  429  437  439  441  446  455  464  468  466  463  463  470  484
  498  505  505  499  489  475  455  430  402  376  357  344  332  319  301  279
  259  243  234  229  227  225  223  222  224  225  224  220  214  207  202  199
  200  206  218  236  258  282  303  321  336
    32.5-180.0 180.0   5.0 450.0                            LAT/LON1/LON2/DLON/H
  340  352  363  375  388  403  421  442  465  486  498  496  480  456  432  418
  417  428  445  460  470  475  478  483  491  500  506  508  509  514  528  546
  562  570  569  559  544  523  497  466  433  405  384  370  359  346  327  304
  280  261  247  240  235  232  230  229  230  230  229  225  219  213  208  206
  208  214  225  243  264  287  308  326  340
    30.0-180.0 180.0   5.0 450.0                            LAT/LON1/LON2/DLON/H
  339  352  365  378  391  404  422  444  471  498  517  521  510  489  467  453
  450  458  473  488  500  507  511  517  525  535  543  550  557  568  586  607
  624  630  625  609  585  556  524  488  454  425  405  392  381  367  348  323
  297  274  258  248  242  238  235  233  232  232  231  226  220  214  210  208
  211  217  229  245  266  287  307  324  339
    27.5-180.0 180.0   5.0 450.0                            LAT/LON1/LON2/DLON/H
  333  350  366  380  394  407  424  447  476  507  531  543  538  523  505  491
  486  490  500  512  523  531  536  542  551  563  575  587  599  614  633  654
  669  672  660  635  602  565  526  488  455  430  413  401  390  375  355  331
  304  280  262  250  243  238  234  231  230  229  227  222  216  209  205  205
  208  215  227  243  262  281  300  317  333
    25.0-180.0 180.0   5.0 450.0                            LAT/LON1/LON2/DLON/H
  325  345  364  382  397  411  426  448  478  512  542  560  564  556  543  532
  525  523  526  531  538  545  551  558  567  581  596  612  627  642  660  676
  687  684  665  632  590  544  500  463  434  414  401  391  380  364  345  322
  298  275  257  245  237  232  227  223  221  220  218  213  207  200  196  195
  199  208  220  235  253  271  289  307  325
    22.5-180.0 180.0   5.0 450.0                            LAT/LON1/LON2/DLON/H
  315  338  361  382  398  412  427  447  477  512  547  572  584  586  580  572
  564  556  550  547  548  552  557  564  574  589  606  623  637  649  660  670
  673  664  638  598  547  495  449  413  390  377  369  360  349  334  316  297
  277  258  242  230  223  217  212  207  206  205  204  200  193  186  182  182
  186  195  207  222  239  257  275  294  315
    20.0-180.0 180.0   5.0 450.0                            LAT/LON1/LON2/DLON/H
  305  329  354  377  395  409  423  441  470  506  544  576  597  607  610  607
  599  587  572  560  553  552  556  563  574  589  606  622  632  636  637  636
  631  616  586  540  484  428  381  348  331  324  320  313  301  287  272  259
  245  231  218  208  201  195  190  186  185  187  188  185  179  171  167  166
  170  179  191  206  223  241  260  282  305
    17.5-180.0 180.0   5.0 450.0                            LAT/LON1/LON2/DLON/H
  294  319  344  366  385  400  412  429  456  491  531  567  596  615  626  629
  624  610  589  569  555  550  551  559  570  585  600  611  614  608  597  585
  572  552  519  472  415  358  312  283  270  267  265  259  246  233  222  215
  208  200  191  183  176  170  165  162  163  167  170  169  164  157  152  151
  154  161  172  186  204  224  245  269  294
    15.0-180.0 180.0   5.0 450.0                            LAT/LON1/LON2/DLON/H
  282  306  330  351  370  384  396  411  434  467  507  546  579  605  624  634
  633  620  598  573  554  545  546  554  566  580  592  598  592  575  553  531
  511  488  455  409  354  300  257  230  219  217  215  208  195  183  176  174
  174  171  165  159  152  146  141  139  141  147  153  154  151  145  140  137
  139  143  152  166  184  206  231  257  282
    12.5-180.0 180.0   5.0 450.0                            LAT/LON1/LON2/DLON/H
  271  293  314  333  351  365  377  390  408  437  473  511  546  576  600  616
  621  614  595  571  550  539  540  549  562  576  585  585  571  545  515  486
  462  439  407  365  315  266  226  200  188  184  180  171  158  148  144  146
  150  150  147  141  134  127  122  120  123  131  138  142  140  135  130  127
  126  128  134  146  164  188  217  245  271
    10.0-180.0 180.0   5.0 450.0                            LAT/LON1/LON2/DLON/H
  261  281  299  316  332  347  359  369  382  404  433  467  501  530  556  577
  589  590  579  559  540  531  533  545  560  572  579  574  556  526  491  460
  435  412  383  346  303  260  224  199  184  174  166  155  142  133  131  135
  140  141  138  132  125  117  111  108  111  118  125  130  130  127  123  119
  116  114  117  127  146  173  204  235  261
     7.5-180.0 180.0   5.0 450.0                            LAT/LON1/LON2/DLON/H
  252  272  288  303  320  335  347  354  362  375  396  422  450  476  501  523
  542  552  550  538  525  519  525  539  555  568  573  566  547  517  484  455
  431  409  383  351  315  280  248  222  202  186  172  160  148  140  137  140
  143  143  139  132  124  116  108  104  104  108  114  119  120  119  117  113
  108  104  105  113  131  159  193  225  252
     5.0-180.0 180.0   5.0 450.0                            LAT/LON1/LON2/DLON/H
  247  268  284  299  316  333  345  351  354  358  369  386  405  424  444  465
  487  505  513  511  505  504  512  529  547  560  564  558  541  517  489  465
  443  422  398  370  341  313  286  260  234  211  193  180  170  163  158  156
  155  151  145  138  129  120  112  104  100  100  103  106  109  110  110  107
  102   98   96  103  121  149  184  219  247
     2.5-180.0 180.0   5.0 450.0                            LAT/LON1/LON2/DLON/H
  245  268  287  304  324  343  357  363  362  359  360  366  376  387  400  417
  438  460  475  481  482  485  497  516  534  547  550  546  534  517  498  480
  461  440  416  390  366  345  323  297  267  239  218  206  199  192  184  176
  168  160  152  144  136  127  117  106   97   92   91   92   96  101  103  102
   98   94   93   99  116  143  178  214  245
