public/data/global.ionex
     1.0            IONOSPHERE MAPS     GNSS                IONEX VERSION / TYPE
ADDNEQ2 V5.5        AIUB                05-JUL-26 18:59     PGM / RUN BY / DATE 
CODE'S GLOBAL IONOSPHERE MAPS FOR DAY 182, 2026             COMMENT             
Global ionosphere maps (GIM) are generated on a daily basis DESCRIPTION         
at CODE using data from about 300 GNSS sites of the IGS and DESCRIPTION         
other institutions. The vertical total electron content     DESCRIPTION         
(VTEC) is modeled in a solar-geomagnetic reference frame    DESCRIPTION         
using a spherical harmonics expansion up to degree and      DESCRIPTION         
order 15. Piece-wise linear functions are used for          DESCRIPTION         
representation in the time domain. The time spacing of      DESCRIPTION         
their vertices is 1 hour, conforming with the epochs of the DESCRIPTION         
VTEC maps.                                                  DESCRIPTION         
To convert line-of-sight TEC into vertical TEC, a modified  DESCRIPTION         
single-layer model mapping function approximating the JPL   DESCRIPTION         
extended slab model mapping function is adopted. The        DESCRIPTION         
mapping function is evaluated at geodetic satellite         DESCRIPTION         
elevation angles. For the computation of the ionospheric    DESCRIPTION         
pierce points, a spherical layer with a radius of 6821 km   DESCRIPTION         
is assumed, implying geocentric, not geodetic IONEX         DESCRIPTION         
latitudes.                                                  DESCRIPTION         
Instrumental biases with respect to each involved GNSS code DESCRIPTION         
observable are estimated as constant values for each        DESCRIPTION         
day. They are modeled with one set of bias parameters for   DESCRIPTION         
each satellite and each station in case of GPS and for each DESCRIPTION         
satellite-station link in case of GLONASS. The code bias    DESCRIPTION         
datum is defined by zero-mean conditions imposed on the     DESCRIPTION         
satellite bias estimates. In this file, just GPS C1W-C2W    DESCRIPTION         
satellite and station bias values are included. The         DESCRIPTION         
complete set of GNSS code bias results is provided in an    DESCRIPTION         
additional Bias-SINEX file as pseudo-absolute values        DESCRIPTION         
specific to each observable.                                DESCRIPTION         
Note: These GIM results correspond to the results for the   DESCRIPTION         
middle day of a 3-day combination analysis solving for 73   DESCRIPTION         
times 256, or 18688 VTEC parameters and 3 daily sets of     DESCRIPTION         
GNSS code bias parameters.                                  DESCRIPTION         
Contact address: code(at)aiub.unibe.ch                      DESCRIPTION         
Data archive:    ftp.aiub.unibe.ch/CODE/                    DESCRIPTION         
                 www.aiub.unibe.ch/download/CODE/           DESCRIPTION         
  2026     7     1     0     0     0                        EPOCH OF FIRST MAP  
  2026     7     2     0     0     0                        EPOCH OF LAST MAP   
  3600                                                      INTERVAL            
[...]
badg bake barh bjfs bndy boav bogo bogt bor1 braz brft brst COMMENT             
brux bshm cags cas1 ccj2 cedu chpg chpi chti chur ckis cmum COMMENT             
coco cord cpvg cpxf cro1 daej darw dav1 dgar dhlg djig drao COMMENT             
dubi dubo ebre faa1 fair flin flrs frdn gamb ganp glps glsv COMMENT             
gode gol2 gold gope gras graz guam guug harb hers hert hlfx COMMENT             
hnpt hob2 hofn holb holm hrao iddr ieng iisc impz ineg iqal COMMENT             
irkj ispa jdpr jog2 joz2 joze karr kerg kir0 kiri kiru kit3 COMMENT             
kokb kokv kouc koug kour krgg lama laut lck4 lmmf lpal lpgs COMMENT             
m0se mac1 madr mal2 mas1 mat1 mate maui maw1 mcil mcm4 mdo1 COMMENT             
medi mgue mizu mkea mnls mobs monp morp mqzg mro1 mtka nano COMMENT             
naur nico nist nium nklg nlib nnor not1 nrc1 nrmd nya1 nyal COMMENT             
onsa ous2 park pdel penc pert pie1 pimo pohn pol2 pots pove COMMENT             
ptag ptbb ptvl qaq1 quin rbay reso reun reyk rgdg rio2 roth COMMENT             
salu samo sant sch2 scor scrz sctb seyg sfer smst spt0 sthl COMMENT             
stjo stk2 str2 suth sutm suwn sydn syog tash thtg thti thu2 COMMENT             
tid1 tidb tlse tn22 tow2 tro1 tskb tuva twtf txes uclu ufpr COMMENT             
ulab unb3 unbj unsa urum usn7 usud vald vill vtsp wab2 wark COMMENT             
wgtn whit will wind wsrt wtza wtzl wtzr wtzs wtzz xmis yar2 COMMENT             
yar3 yarr yell ykro zamb zeck zim2 zim3 zimm                COMMENT             
                                                            END OF HEADER       
[from data line 9438]
    23                                                      START OF TEC MAP    
  2026     7     1    22     0     0                        EPOCH OF CURRENT MAP
    87.5-180.0 180.0   5.0 450.0                            LAT/LON1/LON2/DLON/H
  158  157  156  154  153  152  150  149  147  146  145  143  142  141  140  139
  138  137  136  136  135  135  135  134  134  134  134  134  134  135  135  135
  136  136  137  138  138  139  140  141  142  143  144  146  147  148  150  151
  152  154  155  156  157  158  159  160  161  162  163  163  163  164  164  164
  164  163  163  162  162  161  160  159  158
    85.0-180.0 180.0   5.0 450.0                            LAT/LON1/LON2/DLON/H
  168  166  164  161  159  156  153  150  147  145  142  139  137  135  133  131
  130  128  127  127  126  126  126  126  126  126  127  127  127  128  128  129
  129  129  130  131  132  133  134  135  137  139  141  143  145  148  150  153
  156  158  161  164  166  168  170  172  174  175  177  177  178  179  179  179
  179  178  177  176  175  174  172  170  168
    82.5-180.0 180.0   5.0 450.0                            LAT/LON1/LON2/DLON/H
  177  174  171  168  165  161  157  153  149  145  141  138  134  131  128  126
  124  123  122  122  122  122  123  124  125  126  127  128  128  128  128  128
  128  128  128  128  128  129  130  131  133  135  137  140  143  147  151  154
  158  162  166  170  173  176  179  181  184  185  187  188  189  189  189  189
  189  189  188  187  185  184  182  180  177
    80.0-180.0 180.0   5.0 450.0                            LAT/LON1/LON2/DLON/H
  184  181  178  175  172  168  164  159  155  150  145  140  135  131  128  125
  122  121  121  121  123  124  126  129  131  133  134  135  135  135  134  133
  132  131  129  129  128  128  128  129  130  133  135  138  142  146  151  155
  160  165  170  174  178  182  185  187  189  191  192  193  193  194  194  194
  194  194  193  192  191  190  188  186  184
    77.5-180.0 180.0   5.0 450.0                            LAT/LON1/LON2/DLON/H
  189  187  184  182  179  176  172  168  164  159  154  148  143  137  133  129
  126  125  125  126  128  131  134  138  141  144  146  147  147  145  144  141
  139  137  134  132  131  130  130  130  132  133  136  139  143  147  151  157
  162  167  172  177  181  184  187  189  190  191  191  192  192  192  193  193
  194  194  194  194  194  193  192  191  189
    75.0-180.0 180.0   5.0 450.0                            LAT/LON1/LON2/DLON/H
  193  191  190  188  186  185  183  180  177  172  168  162  156  150  144  139
  136  133  133  134  137  141  146  150  154  157  159  160  159  157  154  150
  147  144  141  139  137  136  136  136  137  138  140  142  145  149  153  158
  163  168  173  177  181  183  185  186  187  187  187  186  186  187  188  189
  191  192  194  195  196  196  195  194  193
    72.5-180.0 180.0   5.0 450.0                            LAT/LON1/LON2/DLON/H
  197  196  195  194  193  193  193  192  191  189  185  180  174  168  161  155
  150  147  146  147  149  154  158  163  167  170  171  171  169  166  162  158
  154  151  148  147  146  145  145  146  146  146  147  148  149  152  155  159
  163  167  172  175  178  181  182  182  181  180  179  179  179  180  183  185
  189  192  195  197  199  199  199  198  197
    70.0-180.0 180.0   5.0 450.0                            LAT/LON1/LON2/DLON/H
  202  200  199  199  199  200  202  203  204  204  203  199  195  189  182  175
  169  164  162  162  163  167  171  175  179  181  181  180  176  172  168  164
  160  158  157  156  157  157  158  158  158  157  156  155  155  155  157  159
  162  165  169  172  174  176  176  175  174  173  172  172  173  175  179  184
  190  195  200  203  206  206  206  204  202
    67.5-180.0 180.0   5.0 450.0                            LAT/LON1/LON2/DLON/H
  209  206  204  203  203  205  208  211  214  217  217  216  213  208  202  195
  189  183  179  178  178  180  183  187  189  190  189  186  182  178  173  169
  167  166  166  168  169  171  172  172  171  168  166  163  160  158  158  159
  160  162  165  167  169  170  170  169  168  166  166  167  169  173  179  187
  194  202  208  213  215  216  215  212  209
    65.0-180.0 180.0   5.0 450.0                            LAT/LON1/LON2/DLON/H
  216  212  208  206  206  207  210  215  219  223  226  228  227  224  220  213
  207  201  196  193  193  193  195  197  198  198  196  193  189  184  180  177
  176  176  178  180  182  184  185  184  182  179  174  169  165  161  159  158
  158  159  160  162  162  163  163  162  162  162  162  164  168  174  182  192
  201  210  218  223  226  226  224  220  216
    62.5-180.0 180.0   5.0 450.0                            LAT/LON1/LON2/DLON/H
  222  217  212  209  208  208  211  215  220  225  229  233  234  234  231  227
  222  216  211  208  206  205  206  207  207  207  205  202  198  194  191  189
  188  189  191  193  195  196  196  194  191  186  180  174  168  163  159  157
  156  156  156  156  156  156  156  156  157  158  160  164  169  177  186  197
  208  218  226  231  234  234  231  227  222
    60.0-180.0 180.0   5.0 450.0                            LAT/LON1/LON2/DLON/H
  225  220  215  211  209  209  210  213  218  222  227  232  235  237  236  234
  231  226  222  219  217  216  216  217  217  218  217  215  212  209  206  204
  203  203  204  205  205  204  202  199  195  189  183  176  170  164  160  157
  155  153  152  150  149  148  149  151  153  156  160  165  171  179  189  200
  211  221  228  233  235  235  234  230  225
    57.5-180.0 180.0   5.0 450.0                            LAT/LON1/LON2/DLON/H
  224  220  216  212  210  209  211  213  216  220  224  228  232  234  236  236
  234  232  229  227  225  225  225  227  229  231  232  232  231  228  225  223
  220  218  216  214  211  208  204  199  194  189  183  176  170  165  161  157
  155  151  148  144  142  141  142  146  151  156  161  166  172  180  190  200
  210  218  224  228  230  230  229  227  224
    55.0-180.0 180.0   5.0 450.0                            LAT/LON1/LON2/DLON/H
  219  217  214  212  211  211  213  216  218  220  223  225  228  231  233  234
  234  233  232  231  230  231  233  237  241  246  250  252  252  249  245  240
  236  231  225  220  213  207  201  196  191  186  181  176  170  165  161  158
  154  150  145  139  135  134  136  142  149  156  162  167  173  179  187  196
  203  209  213  215  217  218  219  220  219
    52.5-180.0 180.0   5.0 450.0                            LAT/LON1/LON2/DLON/H
  211  211  211  211  212  214  218  222  225  226  227  227  227  229  230  232
  232  233  232  233  234  236  240  246  253  261  267  271  271  268  262  254
  246  238  230  220  211  203  196  191  187  183  180  175  170  166  162  158
  154  148  141  134  129  128  132  139  148  157  163  168  172  177  183  189
  195  198  200  200  202  204  207  209  211
    50.0-180.0 180.0   5.0 450.0                            LAT/LON1/LON2/DLON/H
  204  206  207  209  212  218  225  232  236  238  237  234  232  231  231  232
  232  232  233  234  236  240  245  253  263  274  283  287  287  282  273  262
  251  240  229  218  207  198  192  187  185  183  180  176  171  167  162  158
  153  146  138  129  124  123  129  139  150  160  166  170  172  175  179  184
  188  189  188  188  189  192  196  201  204
    47.5-180.0 180.0   5.0 450.0                            LAT/LON1/LON2/DLON/H
  203  205  206  208  213  221  232  243  250  253  251  246  241  238  236  236
  235  235  236  237  239  243  250  260  272  285  295  300  298  289  277  263
  250  237  225  214  203  195  190  187  186  185  182  178  173  168  163  158
  152  144  135  126  120  121  129  141  155  165  171  173  173  175  178  183
  186  186  185  183  183  187  193  199  203
    45.0-180.0 180.0   5.0 450.0                            LAT/LON1/LON2/DLON/H
  210  211  210  211  216  225  238  252  263  268  267  261  254  249  246  245
  244  243  242  242  244  248  256  267  281  295  306  309  304  292  276  260
  245  232  221  210  201  195  192  192  192  191  188  183  177  171  165  159
  151  143  133  124  120  122  132  147  162  173  178  178  178  178  182  187
  191  192  191  189  190  194  200  206  210
    42.5-180.0 180.0   5.0 450.0                            LAT/LON1/LON2/DLON/H
  228  227  224  222  223  231  244  260  274  281  280  273  266  260  258  257
  257  255  254  253  253  257  264  276  291  306  316  317  308  292  274  256
  241  229  218  210  203  200  200  201  201  199  195  190  183  176  169  162
  154  144  134  126  122  127  138  154  170  181  186  186  184  186  191  199
  205  208  208  207  208  213  219  225  228
    40.0-180.0 180.0   5.0 450.0                            LAT/LON1/LON2/DLON/H
  257  255  249  242  239  241  251  266  280  288  288  282  275  271  270  272
  273  272  270  267  267  269  277  289  305  320  328  326  314  295  274  255
  241  230  220  213  209  208  210  212  211  208  203  197  191  185  178  170
  160  149  139  131  129  134  146  162  177  188  193  193  193  196  204  215
  224  230  232  232  235  241  248  254  257
    37.5-180.0 180.0   5.0 450.0                            LAT/LON1/LON2/DLON/H
  293  292  285  274  264  258  262  273  285  293  293  287  281  279  282  287
  291  291  289  286  284  286  294  307  323  338  344  339  323  301  278  260
  247  236  226  219  216  218  221  223  221  216  209  204  200  196  190  182
  171  159  148  140  138  143  153  168  182  192  197  198  200  206  218  232
  245  254  258  261  266  273  282  289  293
    35.0-180.0 180.0   5.0 450.0                            LAT/LON1/LON2/DLON/H
  333  335  330  316  299  285  279  284  292  298  297  291  286  287  294  303
  310  312  310  307  305  307  315  329  346  360  365  356  336  311  288  270
  257  245  234  225  222  225  229  230  227  219  212  208  208  208  205  198
  186  172  160  151  148  151  159  169  180  190  196  200  205  215  229  247
  263  274  282  287  294  303  314  325  333
    32.5-180.0 180.0   5.0 450.0                            LAT/LON1/LON2/DLON/H
  370  379  377  364  343  320  306  303  307  310  307  300  295  298  307  320
  330  334  333  330  328  331  340  355  372  385  387  374  351  324  300  283
  269  254  240  228  224  226  231  232  226  217  210  209  213  218  219  213
  201  187  173  163  159  158  161  166  173  181  189  197  206  220  237  256
  274  288  298  306  315  327  341  356  370
    30.0-180.0 180.0   5.0 450.0                            LAT/LON1/LON2/DLON/H
  399  416  422  413  390  362  341  331  331  332  327  319  313  316  328  342
  353  358  357  354  352  355  365  380  398  409  406  390  363  334  311  293
  277  260  240  225  219  222  227  228  220  210  203  205  214  224  228  225
  213  198  184  173  167  162  158  157  159  166  176  189  203  220  239  260
  278  293  305  315  327  340  358  378  399
    27.5-180.0 180.0   5.0 450.0                            LAT/LON1/LON2/DLON/H
  417  442  458  455  435  406  381  369  367  366  361  351  345  347  358  372
  382  385  384  380  377  379  388  403  419  426  420  399  369  338  314  296
  279  257  234  215  207  211  217  218  210  198  192  196  208  222  230  228
  217  203  189  179  170  161  151  143  141  147  160  177  196  216  237  257
  275  291  304  316  329  345  364  389  417
    25.0-180.0 180.0   5.0 450.0                            LAT/LON1/LON2/DLON/H
  423  456  479  485  470  445  421  410  410  411  407  399  392  393  401  411
  418  418  414  407  402  402  408  420  432  435  424  398  365  333  309  290
  271  247  221  200  192  197  205  206  198  185  179  184  197  212  221  220
  210  198  186  177  168  156  141  127  121  126  142  164  187  210  232  251
  268  284  298  312  326  343  364  391  423
    22.5-180.0 180.0   5.0 450.0                            LAT/LON1/LON2/DLON/H
  420  456  486  499  492  473  456  450  455  461  462  456  450  450  455  461
  462  458  449  439  429  423  424  431  437  434  417  387  352  320  296  276
  256  231  204  184  178  184  193  195  187  174  167  171  183  196  203  201
  193  183  175  169  161  147  129  112  103  109  126  152  179  204  226  245
  261  276  291  307  323  340  361  387  420
    20.0-180.0 180.0   5.0 450.0                            LAT/LON1/LON2/DLON/H
  414  448  479  498  499  489  479  481  494  508  515  515  512  513  516  517
  512  502  489  473  457  444  437  435  433  423  401  369  333  302  278  259
  238  214  190  172  169  177  187  189  181  168  160  161  168  175  178  175
  168  161  157  155  149  136  117   99   90   96  115  142  172  199  222  240
  255  270  287  305  323  340  360  383  414
    17.5-180.0 180.0   5.0 450.0                            LAT/LON1/LON2/DLON/H
  409  438  467  487  494  492  491  501  521  543  559  566  569  572  574  571
  563  549  531  510  486  463  446  435  424  407  381  348  315  286  263  244
  224  202  182  170  169  178  188  189  181  169  159  156  157  157  154  148
  141  137  137  138  135  125  107   91   83   89  109  137  168  196  220  238
  253  269  288  308  328  347  365  384  409
    15.0-180.0 180.0   5.0 450.0                            LAT/LON1/LON2/DLON/H
  411  432  455  473  484  488  493  508  534  563  586  601  610  617  620  617
  607  591  571  545  514  482  454  432  413  390  362  331  302  277  256  236
  217  198  184  177  180  189  195  194  186  174  165  158  152  145  135  126
  118  116  118  122  122  114  101   87   82   89  107  134  165  195  220  239
  255  272  293  317  340  360  378  394  411
    12.5-180.0 180.0   5.0 450.0                            LAT/LON1/LON2/DLON/H
  424  437  452  467  478  484  491  508  535  567  595  615  629  641  647  646
  637  623  602  574  538  498  461  430  403  377  349  322  299  279  259  239
  220  205  196  195  199  204  206  202  193  183  175  167  156  142  128  115
  106  103  105  110  112  107   97   87   85   92  109  133  164  194  221  242
  259  278  302  328  355  379  398  412  424
    10.0-180.0 180.0   5.0 450.0                            LAT/LON1/LON2/DLON/H
  447  454  462  473  483  489  494  507  530  560  588  609  626  641  651  653
  649  638  620  594  556  511  467  429  398  370  344  323  307  292  274  252
  232  218  213  216  220  221  216  207  198  192  187  179  167  150  133  118
  107  102  102  105  106  102   95   89   89   96  110  132  161  193  222  245
  264  285  310  340  371  399  422  438  447
     7.5-180.0 180.0   5.0 450.0                            LAT/LON1/LON2/DLON/H
  478  482  487  496  504  507  508  512  528  550  573  592  607  620  632  638
  639  634  622  600  564  518  472  431  397  369  346  331  321  310  293  269
  246  232  230  234  236  231  219  206  198  195  195  191  181  165  149  134
  121  113  108  106  104  100   94   91   93   98  110  129  157  190  222  247
  267  290  317  350  384  418  447  467  478
     5.0-180.0 180.0   5.0 450.0                            LAT/LON1/LON2/DLON/H
  510  517  522  531  540  541  535  531  535  548  562  572  580  588  598  607
  612  613  608  592  562  520  475  434  400  372  352  341  335  327  310  283
  256  240  238  242  241  230  212  196  188  190  196  197  192  182  170  158
  144  131  121  113  106   99   93   91   93   97  105  122  150  185  219  246
  268  292  321  355  392  431  467  495  510
     2.5-180.0 180.0   5.0 450.0                            LAT/LON1/LON2/DLON/H
  538  550  559  572  583  584  574  562  556  559  562  561  557  557  561  568
  575  580  581  573  551  516  475  437  403  375  356  346  342  334  315  284
  254  236  232  234  231  215  193  175  170  176  186  194  196  194  189  181
  168  152  135  121  109   98   90   87   88   91   97  112  141  177  214  243
  267  292  321  355  394  436  479  515  538
