public/data/global.ionex
     1.0            IONOSPHERE MAPS     GNSS                IONEX VERSION / TYPE
ADDNEQ2 V5.5        AIUB                05-JUL-26 18:59     PGM / RUN BY / DATE 
CODE'S GLOBAL IONOSPHERE MAPS FOR DAY 182, 2026             COMMENT             
Global ionosphere maps (GIM) are generated on a daily basis DESCRIPTION         
at CODE using data from about 300 GNSS sites of the IGS and DESCRIPTION         
other institutions. The vertical total electron content     DESCRIPTION         
(VTEC) is modeled in a solar-geomagnetic reference frame    DESCRIPTION         
using a spherical harmonics expansion up to degree and      DESCRIPTION         
order 15. Piece-wise linear functions are used for          DESCRIPTION         
representation in the time domain. The time spacing of      DESCRIPTION         
their vertices is 1 hour, conforming with the epochs of the DESCRIPTION         
VTEC maps.                                                  DESCRIPTION         
To convert line-of-sight TEC into vertical TEC, a modified  DESCRIPTION         
single-layer model mapping function approximating the JPL   DESCRIPTION         
extended slab model mapping function is adopted. The        DESCRIPTION         
mapping function is evaluated at geodetic satellite         DESCRIPTION         
elevation angles. For the computation of the ionospheric    DESCRIPTION         
pierce points, a spherical layer with a radius of 6821 km   DESCRIPTION         
is assumed, implying geocentric, not geodetic IONEX         DESCRIPTION         
latitudes.                                                  DESCRIPTION         
Instrumental biases with respect to each involved GNSS code DESCRIPTION         
observable are estimated as constant values for each        DESCRIPTION         
day. They are modeled with one set of bias parameters for   DESCRIPTION         
each satellite and each station in case of GPS and for each DESCRIPTION         
satellite-station link in case of GLONASS. The code bias    DESCRIPTION         
datum is defined by zero-mean conditions imposed on the     DESCRIPTION         
satellite bias estimates. In this file, just GPS C1W-C2W    DESCRIPTION         
satellite and station bias values are included. The         DESCRIPTION         
complete set of GNSS code bias results is provided in an    DESCRIPTION         
additional Bias-SINEX file as pseudo-absolute values        DESCRIPTION         
specific to each observable.                                DESCRIPTION         
Note: These GIM results correspond to the results for the   DESCRIPTION         
middle day of a 3-day combination analysis solving for 73   DESCRIPTION         
times 256, or 18688 VTEC parameters and 3 daily sets of     DESCRIPTION         
GNSS code bias parameters.                                  DESCRIPTION         
Contact address: code(at)aiub.unibe.ch                      DESCRIPTION         
Data archive:    ftp.aiub.unibe.ch/CODE/                    DESCRIPTION         
                 www.aiub.unibe.ch/download/CODE/           DESCRIPTION         
  2026     7     1     0     0     0                        EPOCH OF FIRST MAP  
  2026     7     2     0     0     0                        EPOCH OF LAST MAP   
  3600                                                      INTERVAL            
[...]
badg bake barh bjfs bndy boav bogo bogt bor1 braz brft brst COMMENT             
brux bshm cags cas1 ccj2 cedu chpg chpi chti chur ckis cmum COMMENT             
coco cord cpvg cpxf cro1 daej darw dav1 dgar dhlg djig drao COMMENT             
dubi dubo ebre faa1 fair flin flrs frdn gamb ganp glps glsv COMMENT             
gode gol2 gold gope gras graz guam guug harb hers hert hlfx COMMENT             
hnpt hob2 hofn holb holm hrao iddr ieng iisc impz ineg iqal COMMENT             
irkj ispa jdpr jog2 joz2 joze karr kerg kir0 kiri kiru kit3 COMMENT             
kokb kokv kouc koug kour krgg lama laut lck4 lmmf lpal lpgs COMMENT             
m0se mac1 madr mal2 mas1 mat1 mate maui maw1 mcil mcm4 mdo1 COMMENT             
medi mgue mizu mkea mnls mobs monp morp mqzg mro1 mtka nano COMMENT             
naur nico nist nium nklg nlib nnor not1 nrc1 nrmd nya1 nyal COMMENT             
onsa ous2 park pdel penc pert pie1 pimo pohn pol2 pots pove COMMENT             
ptag ptbb ptvl qaq1 quin rbay reso reun reyk rgdg rio2 roth COMMENT             
salu samo sant sch2 scor scrz sctb seyg sfer smst spt0 sthl COMMENT             
stjo stk2 str2 suth sutm suwn sydn syog tash thtg thti thu2 COMMENT             
tid1 tidb tlse tn22 tow2 tro1 tskb tuva twtf txes uclu ufpr COMMENT             
ulab unb3 unbj unsa urum usn7 usud vald vill vtsp wab2 wark COMMENT             
wgtn whit will wind wsrt wtza wtzl wtzr wtzs wtzz xmis yar2 COMMENT             
yar3 yarr yell ykro zamb zeck zim2 zim3 zimm                COMMENT             
                                                            END OF HEADER       
[from data line 429]
     2                                                      START OF TEC MAP    
  2026     7     1     1     0     0                        EPOCH OF CURRENT MAP
    87.5-180.0 180.0   5.0 450.0                            LAT/LON1/LON2/DLON/H
  129  128  127  126  124  123  121  120  118  116  115  113  112  110  109  107
  106  104  103  102  101  100   99   99   98   98   97   97   97   97   97   97
   97   98   98   99  100  100  101  102  103  104  105  107  108  109  111  112
  113  115  116  118  119  121  122  124  125  126  127  129  130  130  131  132
  132  132  132  132  132  132  131  130  129
    85.0-180.0 180.0   5.0 450.0                            LAT/LON1/LON2/DLON/H
  150  148  145  143  140  137  133  130  127  123  120  117  114  111  108  106
  103  101   99   97   96   94   93   92   91   91   90   90   90   90   90   91
   91   92   92   93   94   96   97   99  100  102  104  106  108  110  112  115
  117  120  122  125  128  131  134  137  139  142  145  147  149  151  153  155
  156  156  157  156  156  155  154  152  150
    82.5-180.0 180.0   5.0 450.0                            LAT/LON1/LON2/DLON/H
  170  167  163  159  155  151  146  141  137  132  128  123  119  115  111  108
  104  102   99   97   95   94   93   92   91   90   90   90   90   90   90   91
   91   92   93   94   95   97   99  101  103  105  107  110  112  115  117  120
  123  126  129  132  136  140  144  148  152  156  160  164  168  172  174  177
  179  180  180  180  179  178  176  173  170
    80.0-180.0 180.0   5.0 450.0                            LAT/LON1/LON2/DLON/H
  187  182  178  173  168  163  158  153  148  142  137  132  127  122  117  113
  110  106  103  101   99   98   97   96   95   95   95   94   94   94   95   95
   95   96   97   99  100  102  104  107  109  112  115  118  120  123  125  128
  131  133  136  139  143  147  151  156  162  167  173  178  183  188  192  195
  198  199  200  200  199  197  194  190  187
    77.5-180.0 180.0   5.0 450.0                            LAT/LON1/LON2/DLON/H
  197  192  188  183  178  173  169  164  159  154  149  143  138  132  127  122
  118  114  110  108  106  104  103  102  101  101  101  100  100  100  100  100
  101  101  103  104  106  109  112  115  118  122  125  128  131  134  136  138
  140  142  143  146  149  152  156  162  168  174  181  187  194  200  205  209
  212  213  214  213  212  209  206  202  197
    75.0-180.0 180.0   5.0 450.0                            LAT/LON1/LON2/DLON/H
  202  197  192  188  184  180  177  174  170  166  162  157  151  145  139  133
  128  123  119  115  112  110  109  107  106  106  105  105  104  104  104  104
  105  106  107  109  111  115  118  122  127  131  136  140  143  146  148  149
  150  151  151  152  153  156  159  164  170  177  185  192  200  206  212  217
  220  221  222  221  219  215  211  206  202
    72.5-180.0 180.0   5.0 450.0                            LAT/LON1/LON2/DLON/H
  202  197  192  189  186  184  183  182  181  179  176  171  165  159  152  145
  138  132  127  122  118  114  112  110  108  107  106  106  106  106  106  106
  107  108  109  112  115  118  123  128  133  139  144  150  154  157  160  161
  161  160  159  157  157  158  161  165  171  178  186  194  202  209  215  220
  223  225  225  223  221  217  213  207  202
    70.0-180.0 180.0   5.0 450.0                            LAT/LON1/LON2/DLON/H
  201  196  191  187  186  186  187  189  190  191  189  185  180  173  165  157
  149  141  134  127  122  116  112  109  106  105  104  104  105  106  106  107
  108  109  111  113  117  121  126  131  137  143  150  156  162  166  169  171
  170  169  166  163  161  160  162  165  171  178  186  195  203  210  216  220
  223  224  225  224  221  218  213  207  201
    67.5-180.0 180.0   5.0 450.0                            LAT/LON1/LON2/DLON/H
  203  196  190  187  185  186  189  193  197  200  200  198  193  186  177  168
  159  150  141  133  125  118  112  107  104  102  102  103  104  106  108  109
  110  112  113  116  119  123  127  132  138  145  151  158  165  171  175  178
  178  176  173  169  165  163  163  165  171  178  186  195  203  209  215  218
  221  223  224  223  222  219  215  210  203
    65.0-180.0 180.0   5.0 450.0                            LAT/LON1/LON2/DLON/H
  209  201  193  188  185  186  190  195  201  206  208  207  203  196  188  178
  168  158  148  139  129  121  113  107  104  103  103  106  108  111  113  115
  116  117  118  120  123  126  129  133  138  144  150  157  164  171  177  181
  183  182  178  174  169  165  164  166  171  178  186  195  202  208  213  216
  218  220  222  224  225  224  222  216  209
    62.5-180.0 180.0   5.0 450.0                            LAT/LON1/LON2/DLON/H
  221  211  201  193  188  187  190  196  203  209  212  213  210  204  197  187
  178  167  157  147  137  128  120  114  111  111  113  117  120  123  125  126
  126  126  127  128  129  131  133  135  138  142  146  152  159  167  174  181
  184  185  182  178  172  168  166  168  172  179  187  194  201  207  210  213
  215  218  221  226  230  232  232  228  221
    60.0-180.0 180.0   5.0 450.0                            LAT/LON1/LON2/DLON/H
  236  226  214  202  194  190  191  196  202  208  213  215  214  210  203  196
  187  178  168  159  150  142  135  131  129  130  134  138  142  144  145  144
  142  141  139  139  139  139  139  140  140  141  143  147  153  160  169  177
  183  185  184  181  176  171  168  169  173  179  187  194  200  205  208  210
  212  215  220  227  235  241  244  243  236
    57.5-180.0 180.0   5.0 450.0                            LAT/LON1/LON2/DLON/H
  254  244  230  216  204  197  195  197  202  207  212  215  215  214  209  203
  196  189  182  175  168  163  159  158  159  162  166  170  173  173  171  167
  163  159  155  153  152  150  149  147  145  143  142  143  147  153  161  171
  179  184  185  183  178  174  171  171  174  180  186  193  198  202  204  206
  208  212  218  228  239  250  257  259  254
    55.0-180.0 180.0   5.0 450.0                            LAT/LON1/LON2/DLON/H
  272  263  248  233  219  208  203  201  203  207  211  214  217  217  215  211
  206  201  196  193  191  190  191  194  198  202  207  210  210  207  201  194
  186  179  174  170  167  163  160  157  153  150  146  144  144  148  155  164
  174  182  185  185  182  178  175  174  177  181  186  191  196  200  202  203
  205  208  216  228  243  257  269  275  272
    52.5-180.0 180.0   5.0 450.0                            LAT/LON1/LON2/DLON/H
  289  281  268  252  237  224  215  210  208  209  212  215  219  221  221  219
  216  213  211  212  215  220  227  234  241  247  251  252  249  242  233  222
  212  203  195  189  184  178  174  170  165  161  155  150  146  146  151  159
  170  180  186  187  186  183  180  180  181  184  187  191  195  198  200  201
  203  207  215  228  245  263  279  288  289
    50.0-180.0 180.0   5.0 450.0                            LAT/LON1/LON2/DLON/H
  303  298  287  272  257  244  233  224  219  216  216  219  223  227  229  228
  226  225  226  231  239  250  262  274  284  291  294  292  286  276  263  250
  238  228  219  211  203  195  189  185  181  176  170  162  154  150  151  157
  168  179  187  191  191  190  188  188  188  189  191  193  196  199  202  203
  205  208  216  230  249  269  287  299  303
    47.5-180.0 180.0   5.0 450.0                            LAT/LON1/LON2/DLON/H
  316  314  305  293  279  266  254  243  234  227  225  226  229  234  237  238
  237  237  240  248  260  276  293  308  320  328  330  326  318  306  292  279
  267  256  246  236  225  215  207  202  199  196  190  180  169  159  156  160
  169  180  190  196  198  198  199  199  199  199  198  198  200  203  207  209
  211  215  223  237  256  277  297  310  316
    45.0-180.0 180.0   5.0 450.0                            LAT/LON1/LON2/DLON/H
  329  328  322  313  302  290  278  266  254  244  238  236  239  243  246  248
  249  250  255  264  278  296  315  332  346  354  355  351  343  331  319  307
  297  288  278  265  251  237  227  222  221  219  214  203  189  175  167  167
  174  185  194  201  206  209  211  214  214  212  209  208  209  212  216  220
  223  227  235  249  268  289  309  322  329
    42.5-180.0 180.0   5.0 450.0                            LAT/LON1/LON2/DLON/H
  343  343  338  331  323  314  303  291  278  265  255  250  250  253  256  259
  262  265  270  279  292  309  328  345  359  368  371  369  362  353  344  335
  329  322  311  297  279  262  250  245  244  244  240  229  213  196  184  180
  183  191  200  208  214  220  226  230  232  230  225  222  222  225  230  234
  238  243  252  267  285  306  324  337  343
    40.0-180.0 180.0   5.0 450.0                            LAT/LON1/LON2/DLON/H
  358  358  355  349  343  336  328  317  304  289  277  268  264  264  267  272
  277  281  287  294  304  317  333  349  363  374  380  381  378  373  367  362
  359  354  345  329  309  290  275  269  269  270  267  256  239  220  204  196
  195  199  206  213  221  231  240  248  252  250  244  239  238  241  246  251
  256  262  272  288  306  325  341  352  358
    37.5-180.0 180.0   5.0 450.0                            LAT/LON1/LON2/DLON/H
  373  373  371  367  363  358  352  344  332  317  302  289  281  277  280  286
  293  301  306  310  315  322  333  346  361  374  384  390  392  390  387  385
  383  380  372  357  336  316  301  294  294  294  291  280  264  244  227  215
  208  208  212  218  228  240  254  266  272  271  264  258  256  258  263  268
  273  280  292  308  327  345  359  369  373
    35.0-180.0 180.0   5.0 450.0                            LAT/LON1/LON2/DLON/H
  387  389  388  385  382  379  376  371  362  349  333  316  302  295  295  302
  312  322  328  328  326  326  330  341  356  373  388  399  404  403  401  398
  397  394  388  374  355  336  322  316  314  314  309  299  285  267  249  234
  222  216  216  222  233  249  267  283  291  291  284  277  273  275  279  283
  287  295  308  326  345  362  375  383  387
    32.5-180.0 180.0   5.0 450.0                            LAT/LON1/LON2/DLON/H
  399  403  404  403  401  400  400  399  394  385  368  349  330  317  314  321
  333  345  350  347  338  331  330  338  354  375  394  407  412  410  404  398
  394  391  386  377  362  348  337  331  328  325  319  310  299  285  269  251
  234  222  218  224  237  256  278  297  308  309  302  294  289  289  292  294
  297  304  319  338  357  373  385  393  399
    30.0-180.0 180.0   5.0 450.0                            LAT/LON1/LON2/DLON/H
  407  415  420  422  421  422  425  428  430  425  411  390  367  349  341  345
  356  367  371  364  351  338  332  339  356  378  399  412  414  406  392  380
  372  368  366  362  354  346  339  335  332  326  318  311  304  295  282  262
  241  225  219  224  240  263  288  310  323  325  318  309  303  302  302  302
  303  310  324  344  363  378  390  399  407
    27.5-180.0 180.0   5.0 450.0                            LAT/LON1/LON2/DLON/H
  413  425  435  441  443  445  451  460  467  468  459  438  412  389  375  373
  380  388  389  380  363  346  338  344  360  382  400  408  404  387  364  344
  332  328  330  332  331  330  329  327  323  314  305  299  297  295  286  267
  243  223  217  224  244  270  297  321  335  338  332  322  315  312  310  308
  308  314  328  347  365  379  390  401  413
    25.0-180.0 180.0   5.0 450.0                            LAT/LON1/LON2/DLON/H
  416  434  449  459  465  469  478  491  505  514  510  492  465  438  417  407
  406  407  404  392  374  356  347  350  364  381  393  394  379  353  321  294
  279  276  283  291  297  302  305  306  301  291  280  276  280  285  280  262
  237  217  212  223  247  276  305  330  345  349  343  334  326  322  318  315
  313  319  333  351  368  381  390  402  416
    22.5-180.0 180.0   5.0 450.0                            LAT/LON1/LON2/DLON/H
  421  441  461  476  485  492  503  520  541  557  560  547  522  491  463  443
  431  423  414  400  382  365  355  356  364  372  374  364  340  305  267  237
  222  223  234  248  259  267  272  273  268  257  246  244  253  264  264  248
  223  205  203  221  250  282  311  336  353  359  354  346  338  332  328  324
  323  329  343  361  377  387  395  405  421
    20.0-180.0 180.0   5.0 450.0                            LAT/LON1/LON2/DLON/H
  429  449  471  490  502  512  525  545  570  593  603  597  575  544  510  480
  455  435  419  403  387  371  361  356  355  352  342  321  289  249  211  183
  172  178  195  211  223  230  234  235  229  217  207  207  219  235  239  226
  203  187  192  216  250  284  315  340  358  367  366  359  351  346  342  339
  339  347  362  379  394  402  407  415  429
    17.5-180.0 180.0   5.0 450.0                            LAT/LON1/LON2/DLON/H
  442  459  481  501  515  526  539  561  589  617  634  634  617  588  551  511
  474  443  420  403  388  373  360  348  335  320  297  268  232  194  160  139
  136  149  170  188  197  199  198  195  189  178  168  169  183  201  207  197
  177  166  177  207  246  282  313  340  362  375  379  375  369  364  361  359
  362  372  388  406  421  428  430  433  442
    15.0-180.0 180.0   5.0 450.0                            LAT/LON1/LON2/DLON/H
  461  472  490  508  523  534  546  567  597  627  648  653  642  617  579  533
  486  445  417  398  384  369  351  330  306  278  246  213  179  148  124  113
  119  140  164  180  183  177  168  161  154  143  134  135  148  166  173  164
  148  143  159  195  237  275  307  336  363  383  392  393  389  386  384  385
  390  402  420  439  454  460  460  458  461
    12.5-180.0 180.0   5.0 450.0                            LAT/LON1/LON2/DLON/H
  483  486  498  514  527  536  546  564  592  622  644  652  646  625  589  541
  488  442  409  389  375  358  334  303  268  231  195  163  137  118  106  107
  122  148  173  186  182  166  149  137  128  118  110  109  119  134  141  133
  120  119  141  180  224  263  296  329  362  390  407  413  413  411  411  413
  421  434  453  473  488  495  494  487  483
    10.0-180.0 180.0   5.0 450.0                            LAT/LON1/LON2/DLON/H
  506  502  507  518  527  533  539  554  578  604  624  632  628  612  580  533
  479  431  396  376  360  339  309  270  228  187  152  127  113  106  107  117
  137  165  190  199  188  163  139  123  114  105   97   93   99  109  113  106
   96   99  123  164  208  247  282  320  361  397  423  435  438  438  439  442
  449  463  481  500  517  526  525  516  506
     7.5-180.0 180.0   5.0 450.0                            LAT/LON1/LON2/DLON/H
  526  516  515  521  526  528  530  540  560  581  595  600  595  581  554  511
  460  413  379  358  340  314  278  234  190  151  123  109  108  113  123  137
  158  184  206  211  195  165  136  118  110  103   94   87   88   92   93   86
   78   83  108  148  190  229  268  311  360  404  437  454  461  463  465  467
  473  484  499  517  534  546  548  539  526
     5.0-180.0 180.0   5.0 450.0                            LAT/LON1/LON2/DLON/H
  538  527  522  524  525  523  521  528  543  558  566  563  554  540  517  480
  434  390  358  336  315  285  245  200  159  128  111  110  120  133  146  158
  173  193  211  214  197  166  137  120  113  107   98   89   84   83   81   73
   67   73   97  134  174  213  255  304  359  410  448  470  480  484  485  487
  490  496  505  519  535  550  556  551  538
     2.5-180.0 180.0   5.0 450.0                            LAT/LON1/LON2/DLON/H
  541  531  526  526  524  518  515  519  532  543  543  532  517  500  479  447
  406  366  336  313  289  255  214  172  139  119  115  125  142  159  169  173
  178  189  201  203  188  162  136  122  118  114  106   94   85   80   75   68
   63   69   90  123  160  199  245  299  358  413  454  479  492  498  499  498
  497  497  499  507  521  537  549  550  541
