public/data/global.ionex
     1.0            IONOSPHERE MAPS     GNSS                IONEX VERSION / TYPE
ADDNEQ2 V5.5        AIUB                08-JUL-26 19:06     PGM / RUN BY / DATE 
CODE'S GLOBAL IONOSPHERE MAPS FOR DAY 185, 2026             COMMENT             
Global ionosphere maps (GIM) are generated on a daily basis DESCRIPTION         
at CODE using data from about 300 GNSS sites of the IGS and DESCRIPTION         
other institutions. The vertical total electron content     DESCRIPTION         
(VTEC) is modeled in a solar-geomagnetic reference frame    DESCRIPTION         
using a spherical harmonics expansion up to degree and      DESCRIPTION         
order 15. Piece-wise linear functions are used for          DESCRIPTION         
representation in the time domain. The time spacing of      DESCRIPTION         
their vertices is 1 hour, conforming with the epochs of the DESCRIPTION         
VTEC maps.                                                  DESCRIPTION         
To convert line-of-sight TEC into vertical TEC, a modified  DESCRIPTION         
single-layer model mapping function approximating the JPL   DESCRIPTION         
extended slab model mapping function is adopted. The        DESCRIPTION         
mapping function is evaluated at geodetic satellite         DESCRIPTION         
elevation angles. For the computation of the ionospheric    DESCRIPTION         
pierce points, a spherical layer with a radius of 6821 km   DESCRIPTION         
is assumed, implying geocentric, not geodetic IONEX         DESCRIPTION         
latitudes.                                                  DESCRIPTION         
Instrumental biases with respect to each involved GNSS code DESCRIPTION         
observable are estimated as constant values for each        DESCRIPTION         
day. They are modeled with one set of bias parameters for   DESCRIPTION         
each satellite and each station in case of GPS and for each DESCRIPTION         
satellite-station link in case of GLONASS. The code bias    DESCRIPTION         
datum is defined by zero-mean conditions imposed on the     DESCRIPTION         
satellite bias estimates. In this file, just GPS C1W-C2W    DESCRIPTION         
satellite and station bias values are included. The         DESCRIPTION         
complete set of GNSS code bias results is provided in an    DESCRIPTION         
additional Bias-SINEX file as pseudo-absolute values        DESCRIPTION         
specific to each observable.                                DESCRIPTION         
Note: These GIM results correspond to the results for the   DESCRIPTION         
middle day of a 3-day combination analysis solving for 73   DESCRIPTION         
times 256, or 18688 VTEC parameters and 3 daily sets of     DESCRIPTION         
GNSS code bias parameters.                                  DESCRIPTION         
Contact address: code(at)aiub.unibe.ch                      DESCRIPTION         
Data archive:    ftp.aiub.unibe.ch/CODE/                    DESCRIPTION         
                 www.aiub.unibe.ch/download/CODE/           DESCRIPTION         
  2026     7     4     0     0     0                        EPOCH OF FIRST MAP  
  2026     7     5     0     0     0                        EPOCH OF LAST MAP   
  3600                                                      INTERVAL            
[...]
azgb badg bake barh bjfs bndy boav bogo bogt bor1 braz brft COMMENT             
brst brux bshm cags cas1 ccj2 cedu chpg chpi chti chur ckis COMMENT             
cmum coco cord cpvg cpxf cro1 daej darw dav1 dgar dhlg djig COMMENT             
drao dubi dubo ebre faa1 fair flin flrs frdn gamb ganp glps COMMENT             
glsv gode gol2 gold gope gras graz guam guug harb hers hert COMMENT             
hlfx hnpt hob2 hofn holb holm hrao iddr ieng iisc impz iqal COMMENT             
ispa jdpr jog2 joz2 joze karr kerg kir0 kiri kiru kit3 kokb COMMENT             
kokv kouc koug kour krgg lama laut lck4 lmmf lpal lpgs m0se COMMENT             
mac1 madr mal2 mas1 mat1 mate maui maw1 mcm4 mdo1 medi mgue COMMENT             
mizu mkea mnls mobs monp mqzg mro1 mtka nano naur nico nist COMMENT             
nium nklg nlib nnor not1 nrc1 nrmd nya1 nyal onsa ous2 park COMMENT             
pdel penc pert pie1 pimo pohn pol2 polv pots pove ptag ptbb COMMENT             
ptvl qaq1 quin rbay reso reun reyk rgdg rio2 salu samo sant COMMENT             
sch2 scor scrz sctb seyg sfer smst spt0 sthl stjo stk2 str2 COMMENT             
suth sutm suwn sydn syog tash thtg thti thu2 tid1 tidb tlse COMMENT             
tn22 tow2 tro1 tskb tuva twtf txes uclu ufpr ulab unb3 unbj COMMENT             
unsa urum usn7 usud vald vill vtsp wab2 wark wgtn whit will COMMENT             
wind wsrt wtza wtzl wtzr wtzs wtzz xmis yar2 yar3 yarr yell COMMENT             
ykro zamb zeck zim2 zim3 zimm                               COMMENT             
                                                            END OF HEADER       
[from data line 9438]
    23                                                      START OF TEC MAP    
  2026     7     4    22     0     0                        EPOCH OF CURRENT MAP
    87.5-180.0 180.0   5.0 450.0                            LAT/LON1/LON2/DLON/H
  104  104  103  102  101  100   99   98   97   96   95   94   93   92   91   90
   89   89   88   87   86   85   85   84   83   83   82   82   82   82   82   82
   82   82   82   83   83   84   85   85   86   87   88   89   90   91   92   94
   95   96   97   98  100  101  102  103  104  105  105  106  106  107  107  107
  107  107  107  107  107  106  106  105  104
    85.0-180.0 180.0   5.0 450.0                            LAT/LON1/LON2/DLON/H
  115  114  112  111  110  108  107  105  104  102  100   99   97   95   94   92
   90   89   87   85   84   83   81   80   79   78   78   77   76   76   76   76
   76   76   77   77   78   79   80   81   83   84   86   88   90   92   94   96
   99  101  104  106  108  111  113  115  117  118  120  121  122  122  123  123
  123  122  122  121  120  119  118  116  115
    82.5-180.0 180.0   5.0 450.0                            LAT/LON1/LON2/DLON/H
  122  121  119  118  116  115  114  112  111  109  107  105  103  101   99   97
   94   92   90   88   86   84   83   81   80   79   78   77   77   76   76   76
   76   76   76   77   78   79   80   82   84   85   87   90   92   95   97  100
  103  107  110  113  117  120  123  126  129  131  133  135  136  137  137  136
  135  134  133  131  129  128  126  124  122
    80.0-180.0 180.0   5.0 450.0                            LAT/LON1/LON2/DLON/H
  125  123  122  121  121  120  120  119  118  117  115  114  111  109  106  103
  101   98   96   93   91   89   88   86   85   84   83   82   81   80   80   80
   80   80   80   81   82   83   85   86   88   90   91   93   96   98  101  103
  107  110  114  118  122  126  130  134  138  141  143  145  146  146  146  145
  143  141  139  136  133  131  128  126  125
    77.5-180.0 180.0   5.0 450.0                            LAT/LON1/LON2/DLON/H
  123  122  122  122  123  124  125  126  126  125  124  123  120  117  114  111
  108  105  102   99   97   96   94   93   91   90   89   88   87   87   86   86
   86   86   86   87   88   90   91   93   94   95   97   98   99  101  103  105
  108  111  114  118  123  128  132  137  141  145  147  149  150  150  150  148
  145  142  139  136  132  129  126  124  123
    75.0-180.0 180.0   5.0 450.0                            LAT/LON1/LON2/DLON/H
  119  119  120  122  124  127  129  132  133  134  133  132  129  126  122  118
  115  111  108  106  104  102  101   99   98   97   96   95   94   93   92   91
   91   91   92   93   94   96   97   99  100  101  102  102  102  103  103  104
  105  108  111  114  119  123  128  133  138  142  145  147  148  148  147  145
  142  139  135  131  128  124  122  120  119
    72.5-180.0 180.0   5.0 450.0                            LAT/LON1/LON2/DLON/H
  116  117  118  121  125  129  133  137  140  141  142  140  138  134  130  126
  121  117  114  112  110  108  107  106  105  103  102  100   98   97   96   95
   94   94   95   96   98   99  101  102  103  104  104  104  103  102  101  100
  100  101  103  106  110  115  119  124  129  133  137  139  141  141  140  139
  136  133  130  126  123  120  118  116  116
    70.0-180.0 180.0   5.0 450.0                            LAT/LON1/LON2/DLON/H
  116  117  119  122  126  131  136  141  145  148  148  148  145  141  137  132
  128  124  121  118  116  114  113  112  110  108  106  104  102   99   97   96
   95   95   96   97   98   99  101  102  103  103  103  102  100   98   96   94
   93   93   94   96   99  103  108  112  117  121  124  127  129  130  131  130
  129  127  125  123  121  119  118  117  116
    67.5-180.0 180.0   5.0 450.0                            LAT/LON1/LON2/DLON/H
  122  122  123  125  128  133  139  144  149  152  153  153  151  148  144  139
  135  131  128  126  124  122  120  118  116  113  110  107  104  101   99   97
   96   95   95   95   96   96   97   98   98   98   98   96   94   92   89   86
   84   84   84   86   88   92   95   99  103  107  110  114  117  119  121  122
  123  124  124  124  124  124  123  123  122
    65.0-180.0 180.0   5.0 450.0                            LAT/LON1/LON2/DLON/H
  132  130  129  130  132  136  140  146  150  154  156  156  155  153  150  147
  143  140  137  135  132  130  128  126  123  119  115  111  107  104  101   99
   97   96   94   93   92   91   90   90   90   90   89   88   86   84   81   78
   76   75   76   77   79   82   84   87   90   93   97  101  105  109  112  116
  119  123  126  129  132  134  134  133  132
    62.5-180.0 180.0   5.0 450.0                            LAT/LON1/LON2/DLON/H
  144  141  138  136  136  138  141  146  150  153  156  157  157  157  155  153
  151  149  147  145  142  140  137  134  130  126  122  117  113  109  106  104
  101   99   96   92   88   85   82   80   79   79   79   79   77   75   73   71
   69   68   69   70   72   74   76   78   80   83   86   91   96  101  106  112
  117  123  129  136  141  145  147  147  144
    60.0-180.0 180.0   5.0 450.0                            LAT/LON1/LON2/DLON/H
  156  151  146  142  140  140  142  145  148  151  153  155  157  158  159  159
  158  157  156  154  151  149  146  142  138  134  130  125  121  118  115  112
  109  105  100   94   87   80   74   70   68   68   69   69   69   68   66   65
   63   63   64   66   68   69   70   72   73   76   79   84   90   97  103  110
  116  124  132  140  149  155  159  159  156
    57.5-180.0 180.0   5.0 450.0                            LAT/LON1/LON2/DLON/H
  165  160  154  149  145  144  144  145  146  147  149  152  155  158  161  162
  163  163  162  160  158  156  153  150  146  142  138  135  131  128  126  123
  120  115  108   98   87   77   68   62   59   59   60   62   63   63   61   60
   60   60   61   63   65   66   67   68   69   72   76   82   88   95  102  108
  115  122  131  141  151  160  166  168  165
    55.0-180.0 180.0   5.0 450.0                            LAT/LON1/LON2/DLON/H
  169  165  160  155  152  149  148  147  145  145  146  148  152  156  160  163
  164  165  164  163  161  159  157  155  152  149  146  143  141  139  137  135
  132  126  117  105   91   77   65   57   54   53   55   58   59   60   59   58
   57   58   60   62   63   65   66   67   69   72   77   83   91   97  103  108
  112  117  125  136  148  159  167  170  169
    52.5-180.0 180.0   5.0 450.0                            LAT/LON1/LON2/DLON/H
  169  167  164  162  160  158  155  152  148  145  144  146  150  154  159  161
  163  163  162  161  160  159  158  157  156  154  152  150  149  148  147  146
  143  137  127  113   97   81   67   57   53   52   54   57   59   59   58   58
   57   58   59   61   63   64   66   68   71   75   82   89   96  102  106  108
  109  111  116  126  138  151  162  168  169
    50.0-180.0 180.0   5.0 450.0                            LAT/LON1/LON2/DLON/H
  166  168  169  169  170  169  166  161  154  148  145  146  149  154  157  159
  159  158  157  157  157  157  157  157  157  156  155  154  154  153  154  154
  152  146  136  122  105   88   74   63   58   56   58   60   61   62   61   60
   60   60   61   62   63   65   67   71   76   82   89   97  104  109  111  109
  106  104  106  113  125  140  152  161  166
    47.5-180.0 180.0   5.0 450.0                            LAT/LON1/LON2/DLON/H
  162  168  173  178  182  183  180  173  165  156  151  150  152  155  157  157
  155  154  153  153  153  154  155  156  157  157  157  156  155  156  157  158
  157  153  144  131  116  100   86   75   69   66   66   67   68   68   67   66
   66   66   66   67   67   69   72   77   83   91   99  108  115  119  118  113
  106   99   97  102  113  128  142  154  162
    45.0-180.0 180.0   5.0 450.0                            LAT/LON1/LON2/DLON/H
  160  169  178  187  194  198  196  189  179  169  162  159  159  160  159  157
  155  152  152  152  153  154  156  157  158  159  158  157  156  156  158  160
  161  158  152  141  129  115  103   93   86   82   80   79   79   78   78   77
   77   77   76   75   75   77   80   86   94  102  111  119  126  130  128  121
  110   99   94   96  105  120  135  149  160
    42.5-180.0 180.0   5.0 450.0                            LAT/LON1/LON2/DLON/H
  160  172  184  196  206  211  211  205  195  184  176  171  169  167  165  161
  158  156  156  157  159  160  161  162  163  163  162  159  157  157  158  161
  163  163  159  153  144  134  125  117  109  103   99   97   96   95   95   95
   94   93   91   89   88   89   93   99  107  115  123  131  138  141  139  131
  118  105   97   97  104  118  133  147  160
    40.0-180.0 180.0   5.0 450.0                            LAT/LON1/LON2/DLON/H
  162  175  189  202  214  221  223  219  211  201  192  186  182  178  173  169
  166  166  167  170  171  172  172  173  173  173  170  166  162  160  161  164
  167  168  167  164  160  155  150  144  137  130  124  120  119  119  119  118
  117  115  111  108  105  105  108  114  121  127  134  141  148  152  152  145
  132  118  107  105  110  122  135  149  162
    37.5-180.0 180.0   5.0 450.0                            LAT/LON1/LON2/DLON/H
  165  178  192  205  217  226  231  231  226  218  210  202  196  189  183  179
  178  180  184  188  189  189  189  189  189  188  185  179  173  168  167  169
  172  174  175  176  175  175  174  171  165  158  152  149  148  149  148  147
  143  139  133  128  124  123  125  129  133  137  141  147  155  162  164  159
  148  134  123  118  122  130  141  153  165
    35.0-180.0 180.0   5.0 450.0                            LAT/LON1/LON2/DLON/H
  168  179  192  204  215  226  234  238  238  234  226  218  209  201  194  190
  191  196  203  208  210  209  208  209  209  209  205  197  188  181  178  178
  179  181  183  184  187  191  194  195  192  187  182  181  181  182  181  177
  170  162  154  146  141  139  140  142  143  143  145  149  158  168  174  173
  164  151  140  134  135  140  148  158  168
    32.5-180.0 180.0   5.0 450.0                            LAT/LON1/LON2/DLON/H
  169  179  189  199  209  220  232  242  247  247  241  232  222  212  205  202
  205  213  222  228  230  229  228  229  231  232  228  219  208  198  192  188
  187  187  188  189  193  199  206  210  211  210  210  211  214  215  212  204
  193  180  168  159  153  151  150  149  147  144  143  147  158  171  181  184
  178  166  155  148  147  150  155  161  169
    30.0-180.0 180.0   5.0 450.0                            LAT/LON1/LON2/DLON/H
  169  176  184  191  200  212  227  243  254  258  255  246  235  225  218  215
  219  228  237  244  246  246  246  248  252  254  251  242  230  217  207  200
  195  192  189  189  191  198  206  215  221  225  229  235  241  242  236  223
  206  188  174  163  157  155  153  150  146  140  138  142  154  171  185  191
  187  177  167  159  156  157  159  163  169
    27.5-180.0 180.0   5.0 450.0                            LAT/LON1/LON2/DLON/H
  169  174  179  185  192  205  223  243  260  268  268  260  250  240  233  231
  234  241  250  256  258  258  259  264  270  274  272  263  250  235  221  210
  202  195  188  184  183  187  197  208  219  228  238  248  256  256  247  229
  206  184  167  156  151  149  148  144  138  132  129  134  149  168  186  194
  192  184  174  167  163  162  162  165  169
    25.0-180.0 180.0   5.0 450.0                            LAT/LON1/LON2/DLON/H
  170  174  178  181  188  201  221  245  266  278  281  277  269  261  255  251
  252  257  263  267  268  268  270  276  284  289  288  280  266  250  234  220
  208  197  186  176  171  172  179  192  206  220  234  246  254  253  240  218
  191  166  148  138  135  134  134  131  126  120  119  127  144  165  184  194
  194  186  178  171  168  166  166  167  170
    22.5-180.0 180.0   5.0 450.0                            LAT/LON1/LON2/DLON/H
  176  179  181  183  189  202  223  249  274  290  297  298  295  290  285  280
  277  277  279  280  280  279  282  288  295  300  299  292  279  262  245  228
  213  199  185  171  160  156  160  171  185  201  216  228  234  230  214  190
  162  137  120  112  111  113  115  114  111  108  109  120  140  163  183  193
  194  188  180  176  173  172  172  173  176
    20.0-180.0 180.0   5.0 450.0                            LAT/LON1/LON2/DLON/H
  186  189  190  192  197  210  232  259  285  304  317  323  327  327  324  318
  311  305  302  300  298  296  297  301  306  309  307  301  289  273  254  237
  220  205  188  171  155  145  145  152  163  176  188  196  197  189  172  147
  122  101   87   82   84   89   93   95   95   96  102  116  138  162  182  193
  194  189  184  182  181  182  182  184  186
    17.5-180.0 180.0   5.0 450.0                            LAT/LON1/LON2/DLON/H
  202  205  206  207  212  224  245  272  299  322  339  353  363  370  370  364
  354  344  336  330  326  322  320  319  319  319  315  309  298  282  264  246
  229  214  197  179  160  146  139  140  146  152  156  156  150  137  119   98
   78   63   55   54   58   65   72   76   81   86   97  115  138  163  183  194
  195  193  191  191  193  195  197  200  202
    15.0-180.0 180.0   5.0 450.0                            LAT/LON1/LON2/DLON/H
  223  225  226  227  232  244  264  290  316  341  363  384  401  414  419  414
  402  390  379  371  364  357  350  343  338  332  326  318  307  292  274  256
  240  226  212  195  176  159  147  141  137  134  127  116  101   84   65   49
   37   29   28   32   38   46   54   62   69   79   94  114  140  166  186  197
  200  199  200  203  208  212  216  220  223
    12.5-180.0 180.0   5.0 450.0                            LAT/LON1/LON2/DLON/H
  246  249  249  250  255  267  286  310  336  362  388  413  437  455  463  461
  451  439  428  419  410  399  386  373  361  350  340  330  317  301  283  265
  250  239  229  216  200  183  167  153  140  125  107   85   61   39   21   10
    6    7   11   18   26   35   43   52   62   74   91  114  141  168  189  201
  206  208  211  216  223  229  235  241  246
    10.0-180.0 180.0   5.0 450.0                            LAT/LON1/LON2/DLON/H
  270  273  274  275  280  291  309  332  357  384  411  438  464  485  497  499
  493  484  475  467  456  442  424  406  388  373  358  344  328  310  290  271
  257  248  242  235  224  210  193  174  153  128  100   68   37   11    0    0
    0    0    6   15   24   31   39   47   57   71   89  113  141  169  192  206
  213  217  222  228  236  244  253  262  270
     7.5-180.0 180.0   5.0 450.0                            LAT/LON1/LON2/DLON/H
  292  298  299  299  304  315  332  354  378  404  430  457  482  503  516  522
  522  519  514  507  496  479  459  437  416  396  378  358  337  314  291  270
  256  249  247  247  243  233  218  196  170  140  106   69   34    5    0    0
    0    2   13   22   29   35   40   47   55   67   85  108  137  167  193  210
  220  225  230  237  245  255  267  281  292
     5.0-180.0 180.0   5.0 450.0                            LAT/LON1/LON2/DLON/H
  311  320  321  321  326  336  353  374  397  421  445  468  489  507  520  529
  535  538  538  534  523  506  484  462  440  418  395  369  341  311  284  260
  245  238  239  245  248  245  233  213  187  156  122   85   50   22    6    3
    9   18   28   35   39   43   46   49   55   64   79  101  131  163  192  212
  224  230  235  241  248  260  276  295  311
     2.5-180.0 180.0   5.0 450.0                            LAT/LON1/LON2/DLON/H
  326  338  341  340  343  354  371  391  412  434  455  473  488  500  512  523
  533  541  546  544  534  518  498  478  457  434  405  372  335  299  267  240
  223  215  218  227  237  240  233  217  195  170  141  111   80   55   39   34
   36   41   46   50   52   52   53   53   55   61   72   92  122  156  188  212
  226  233  236  240  247  260  281  305  326
