public/data/global.ionex
     1.0            IONOSPHERE MAPS     GNSS                IONEX VERSION / TYPE
ADDNEQ2 V5.5        AIUB                03-JUL-26 19:02     PGM / RUN BY / DATE 
CODE'S GLOBAL IONOSPHERE MAPS FOR DAY 180, 2026             COMMENT             
Global ionosphere maps (GIM) are generated on a daily basis DESCRIPTION         
at CODE using data from about 300 GNSS sites of the IGS and DESCRIPTION         
other institutions. The vertical total electron content     DESCRIPTION         
(VTEC) is modeled in a solar-geomagnetic reference frame    DESCRIPTION         
using a spherical harmonics expansion up to degree and      DESCRIPTION         
order 15. Piece-wise linear functions are used for          DESCRIPTION         
representation in the time domain. The time spacing of      DESCRIPTION         
their vertices is 1 hour, conforming with the epochs of the DESCRIPTION         
VTEC maps.                                                  DESCRIPTION         
To convert line-of-sight TEC into vertical TEC, a modified  DESCRIPTION         
single-layer model mapping function approximating the JPL   DESCRIPTION         
extended slab model mapping function is adopted. The        DESCRIPTION         
mapping function is evaluated at geodetic satellite         DESCRIPTION         
elevation angles. For the computation of the ionospheric    DESCRIPTION         
pierce points, a spherical layer with a radius of 6821 km   DESCRIPTION         
is assumed, implying geocentric, not geodetic IONEX         DESCRIPTION         
latitudes.                                                  DESCRIPTION         
Instrumental biases with respect to each involved GNSS code DESCRIPTION         
observable are estimated as constant values for each        DESCRIPTION         
day. They are modeled with one set of bias parameters for   DESCRIPTION         
each satellite and each station in case of GPS and for each DESCRIPTION         
satellite-station link in case of GLONASS. The code bias    DESCRIPTION         
datum is defined by zero-mean conditions imposed on the     DESCRIPTION         
satellite bias estimates. In this file, just GPS C1W-C2W    DESCRIPTION         
satellite and station bias values are included. The         DESCRIPTION         
complete set of GNSS code bias results is provided in an    DESCRIPTION         
additional Bias-SINEX file as pseudo-absolute values        DESCRIPTION         
specific to each observable.                                DESCRIPTION         
Note: These GIM results correspond to the results for the   DESCRIPTION         
middle day of a 3-day combination analysis solving for 73   DESCRIPTION         
times 256, or 18688 VTEC parameters and 3 daily sets of     DESCRIPTION         
GNSS code bias parameters.                                  DESCRIPTION         
Contact address: code(at)aiub.unibe.ch                      DESCRIPTION         
Data archive:    ftp.aiub.unibe.ch/CODE/                    DESCRIPTION         
                 www.aiub.unibe.ch/download/CODE/           DESCRIPTION         
  2026     6    29     0     0     0                        EPOCH OF FIRST MAP  
  2026     6    30     0     0     0                        EPOCH OF LAST MAP   
  3600                                                      INTERVAL            
[...]
azgb badg bake barh bjfs bndy boav bogo bogt bor1 braz brft COMMENT             
brst brux bshm cags cas1 ccj2 cedu chpg chpi chti chur ckis COMMENT             
cmum coco cord cpvg cpxf cro1 daej darw dav1 dgar dhlg djig COMMENT             
drao dubi dubo ebre faa1 fair flin flrs frdn gamb ganp glps COMMENT             
glsv gode gol2 gold gope gras graz guam guug harb hers hert COMMENT             
hlfx hnpt hob2 hofn holb holm hrao iddr ieng iisc impz ineg COMMENT             
iqal irkj ispa jdpr jog2 joz2 joze karr kerg kir0 kiri kiru COMMENT             
kit3 kokb kokv kouc koug kour krgg lama laut lck4 lmmf lpal COMMENT             
lpgs m0se mac1 madr mal2 mas1 mat1 mate maui maw1 mcil mcm4 COMMENT             
mdo1 medi mgue mizu mkea mnls mobs monp morp mqzg mro1 mtka COMMENT             
nano naur nico nist nium nklg nlib nnor not1 nrc1 nrmd nya1 COMMENT             
nyal onsa ous2 parc park pdel penc pert pie1 pimo pohn pol2 COMMENT             
pots pove ptag ptbb ptvl qaq1 quin rbay reso reun reyk rgdg COMMENT             
rio2 roth salu samo sant sch2 scor scrz sctb seyg sfer smst COMMENT             
spt0 ssia sthl stjo stk2 str2 suth sutm suwn sydn syog tash COMMENT             
thtg thti thu2 tid1 tidb tlse tn22 tow2 tro1 tskb tuva twtf COMMENT             
txes uclu ulab unb3 unbj unsa urum usn7 usud vald vill vtsp COMMENT             
wab2 wark wgtn whit will wind wsrt wtza wtzl wtzr wtzs wtzz COMMENT             
xmis yar2 yar3 yarr yell ykro zamb zeck zim2 zim3 zimm      COMMENT             
                                                            END OF HEADER       
[from data line 6006]
    15                                                      START OF TEC MAP    
  2026     6    29    14     0     0                        EPOCH OF CURRENT MAP
    87.5-180.0 180.0   5.0 450.0                            LAT/LON1/LON2/DLON/H
  209  209  209  210  210  210  211  212  212  213  213  214  215  215  216  216
  216  217  217  217  217  217  217  217  216  216  216  215  215  214  214  213
  213  212  212  212  211  211  211  211  210  210  211  211  211  211  211  212
  212  212  213  213  213  214  214  214  214  214  213  213  213  212  212  212
  211  211  210  210  209  209  209  209  209
    85.0-180.0 180.0   5.0 450.0                            LAT/LON1/LON2/DLON/H
  197  197  198  199  200  202  204  206  208  210  212  214  216  217  219  220
  221  221  222  222  222  221  221  220  220  219  218  217  215  214  213  211
  210  209  207  206  205  204  204  203  203  203  203  204  205  206  208  209
  211  213  214  216  217  218  219  220  220  220  219  218  216  215  213  211
  208  206  204  202  200  199  198  197  197
    82.5-180.0 180.0   5.0 450.0                            LAT/LON1/LON2/DLON/H
  181  181  182  185  187  191  195  199  203  207  211  214  217  220  222  223
  224  225  225  225  225  224  223  222  221  220  218  217  215  213  211  209
  207  205  203  201  199  197  196  194  194  194  194  195  197  200  203  206
  210  214  218  222  225  228  230  231  232  231  230  227  224  220  216  211
  206  201  197  192  188  185  183  181  181
    80.0-180.0 180.0   5.0 450.0                            LAT/LON1/LON2/DLON/H
  165  165  167  171  175  180  186  193  199  205  210  215  219  222  224  225
  226  226  226  225  224  223  222  221  220  218  217  216  214  212  211  209
  206  204  201  198  195  192  190  188  186  186  186  188  190  194  199  205
  211  217  224  230  236  240  244  246  247  246  244  240  235  229  222  214
  206  198  190  183  177  172  168  166  165
    77.5-180.0 180.0   5.0 450.0                            LAT/LON1/LON2/DLON/H
  155  155  158  162  168  175  182  190  198  205  211  216  220  223  225  225
  225  225  223  222  221  220  218  217  216  215  214  214  213  212  210  209
  207  205  202  198  195  191  188  185  182  181  181  183  186  191  197  205
  213  222  230  239  246  253  257  260  261  260  257  253  246  238  229  219
  209  199  189  180  172  165  160  156  155
    75.0-180.0 180.0   5.0 450.0                            LAT/LON1/LON2/DLON/H
  155  156  158  162  169  176  184  193  201  208  214  219  222  224  224  224
  222  221  219  217  216  214  213  213  212  212  211  211  210  210  210  209
  208  206  204  201  197  193  189  186  183  181  181  183  187  193  200  208
  217  227  237  246  254  261  266  269  270  269  266  261  254  246  236  226
  215  205  194  184  175  168  162  157  155
    72.5-180.0 180.0   5.0 450.0                            LAT/LON1/LON2/DLON/H
  168  167  168  172  178  184  192  200  207  214  219  222  224  224  223  221
  218  216  214  212  211  210  210  209  209  209  208  208  207  207  208  208
  208  207  205  203  200  196  193  189  187  186  186  189  193  199  206  215
  224  233  242  250  257  263  268  270  271  270  267  262  256  249  242  233
  224  215  206  198  189  182  175  171  168
    70.0-180.0 180.0   5.0 450.0                            LAT/LON1/LON2/DLON/H
  189  187  187  189  193  198  204  210  216  220  224  226  226  224  221  218
  214  211  209  208  208  208  209  209  208  207  206  205  204  204  204  204
  205  205  205  204  202  199  197  194  193  193  195  198  203  209  216  223
  231  238  244  249  254  258  261  262  263  262  260  257  253  249  244  239
  234  228  223  217  210  204  198  193  189
    67.5-180.0 180.0   5.0 450.0                            LAT/LON1/LON2/DLON/H
  212  209  207  207  209  212  216  220  223  226  227  227  226  223  220  215
  211  208  207  207  208  209  210  210  210  208  205  203  201  200  200  200
  201  202  203  203  202  201  199  199  199  201  204  209  215  221  228  233
  237  240  242  244  245  246  247  247  247  247  247  246  245  244  243  242
  242  241  239  236  233  228  222  217  212
    65.0-180.0 180.0   5.0 450.0                            LAT/LON1/LON2/DLON/H
  230  225  222  221  221  223  224  226  227  228  228  228  226  223  218  214
  210  207  206  207  209  212  214  214  212  209  206  202  199  197  197  198
  199  200  201  201  201  201  201  202  205  208  214  220  227  233  238  241
  241  240  237  235  232  230  230  230  230  231  232  234  235  237  240  242
  245  248  250  250  249  246  241  235  230
    62.5-180.0 180.0   5.0 450.0                            LAT/LON1/LON2/DLON/H
  235  230  227  226  226  226  226  226  226  226  226  225  224  222  218  213
  209  207  206  207  211  214  217  217  215  212  207  203  200  199  199  200
  201  202  203  203  203  203  204  206  209  214  221  228  236  242  245  245
  242  236  230  223  218  215  214  214  216  218  221  224  228  231  235  239
  243  248  251  253  253  251  247  241  235
    60.0-180.0 180.0   5.0 450.0                            LAT/LON1/LON2/DLON/H
  225  220  218  218  219  221  221  220  220  219  220  220  221  220  218  214
  210  207  206  208  211  215  218  218  217  213  209  206  205  205  207  209
  210  211  210  209  208  208  208  210  214  219  226  233  240  246  247  245
  238  230  220  212  206  203  203  205  209  213  217  220  224  227  230  233
  236  239  242  243  243  241  236  230  225
    57.5-180.0 180.0   5.0 450.0                            LAT/LON1/LON2/DLON/H
  200  197  198  200  204  207  209  209  209  209  211  214  216  218  217  214
  210  207  206  207  210  213  216  217  216  214  212  211  213  217  221  225
  226  226  224  221  219  218  217  218  220  224  229  235  241  245  245  240
  232  221  211  203  198  198  200  205  211  216  220  223  225  226  226  225
  224  223  223  222  220  217  212  206  200
    55.0-180.0 180.0   5.0 450.0                            LAT/LON1/LON2/DLON/H
  168  167  169  175  183  189  193  195  196  197  201  206  211  215  216  214
  211  207  205  206  207  210  212  213  213  213  214  218  224  231  239  244
  247  246  242  239  235  233  231  230  230  230  232  235  238  240  239  233
  224  214  204  198  197  200  206  213  220  225  229  230  230  227  223  217
  210  204  199  195  190  185  179  173  168
    52.5-180.0 180.0   5.0 450.0                            LAT/LON1/LON2/DLON/H
  136  136  140  149  160  170  177  181  183  186  191  198  206  211  214  213
  211  208  206  205  206  207  209  210  211  213  217  225  235  246  257  264
  267  265  262  258  255  253  250  247  243  240  237  236  236  235  232  226
  218  208  201  199  201  208  218  227  234  238  240  239  236  230  222  211
  199  187  177  169  162  155  148  141  136
    50.0-180.0 180.0   5.0 450.0                            LAT/LON1/LON2/DLON/H
  113  112  117  128  141  154  163  169  173  177  184  192  201  207  211  212
  212  211  209  208  208  207  207  208  210  214  221  231  244  258  271  279
  282  281  278  276  275  275  273  269  262  254  246  241  237  233  229  223
  215  208  204  205  211  221  233  242  248  250  249  246  241  233  223  209
  193  177  163  152  143  135  127  119  113
    47.5-180.0 180.0   5.0 450.0                            LAT/LON1/LON2/DLON/H
  104  101  104  114  129  143  154  161  167  173  180  189  197  204  208  211
  214  216  217  217  215  212  211  211  213  218  226  237  251  265  278  286
  290  290  290  291  295  298  298  294  285  273  261  251  244  238  231  225
  218  213  212  216  224  236  247  256  259  258  254  249  244  236  226  213
  196  178  162  148  138  130  121  112  104
    45.0-180.0 180.0   5.0 450.0                            LAT/LON1/LON2/DLON/H
  111  104  103  110  122  136  148  158  165  172  180  189  196  201  206  212
  218  225  229  230  228  224  220  218  220  225  233  243  255  268  279  287
  291  295  299  306  315  323  326  323  313  298  283  269  258  249  241  234
  228  225  225  230  239  250  260  265  266  262  256  250  245  240  233  222
  207  190  174  160  150  142  132  121  111
    42.5-180.0 180.0   5.0 450.0                            LAT/LON1/LON2/DLON/H
  130  118  111  113  121  133  145  156  165  174  183  191  197  202  207  215
  226  237  246  249  246  240  234  231  232  236  242  249  258  268  277  285
  291  299  309  322  338  351  358  355  344  328  311  295  280  268  258  250
  244  241  241  245  253  262  269  272  269  263  256  250  247  246  243  237
  226  212  197  185  175  167  157  144  130
    40.0-180.0 180.0   5.0 450.0                            LAT/LON1/LON2/DLON/H
  156  138  125  120  123  132  143  154  166  177  188  196  201  205  210  221
  236  252  265  270  267  260  252  247  247  249  253  258  263  270  278  287
  297  310  326  347  368  385  393  390  379  362  344  326  309  294  281  271
  264  260  259  261  266  272  276  277  273  266  260  255  255  257  259  258
  251  240  228  216  206  198  188  173  156
    37.5-180.0 180.0   5.0 450.0                            LAT/LON1/LON2/DLON/H
  181  158  139  127  125  130  139  151  165  179  192  202  207  211  217  229
  248  268  285  292  289  280  270  264  263  265  267  270  273  279  288  299
  314  334  357  383  408  425  432  427  414  397  379  360  340  322  306  293
  285  280  277  277  279  282  283  283  279  274  270  268  269  273  279  281
  278  270  258  247  237  228  217  201  181
    35.0-180.0 180.0   5.0 450.0                            LAT/LON1/LON2/DLON/H
  199  174  150  133  126  127  134  146  161  178  194  206  214  219  226  239
  260  283  301  309  306  297  286  280  279  281  284  287  291  298  310  326
  348  373  403  432  456  471  473  464  449  432  413  393  372  350  330  315
  305  299  295  292  292  292  292  292  291  289  288  288  290  295  301  305
  303  296  284  271  259  249  237  221  199
    32.5-180.0 180.0   5.0 450.0                            LAT/LON1/LON2/DLON/H
  209  183  158  137  126  124  129  139  155  174  193  209  220  227  236  250
  271  294  313  321  319  309  299  293  293  296  302  308  316  328  345  367
  395  426  459  489  510  518  513  498  480  462  444  424  400  375  352  335
  323  316  311  307  305  304  304  305  307  309  312  314  316  318  322  324
  322  314  300  284  270  258  246  231  209
    30.0-180.0 180.0   5.0 450.0                            LAT/LON1/LON2/DLON/H
  210  186  161  140  127  122  124  133  147  166  188  208  224  235  245  259
  278  300  318  326  324  316  307  302  304  310  320  331  346  364  387  416
  449  484  518  545  559  559  545  525  504  486  470  450  424  396  370  351
  339  332  327  322  319  317  317  319  324  330  335  338  339  338  337  336
  331  320  304  285  268  255  243  230  210
    27.5-180.0 180.0   5.0 450.0                            LAT/LON1/LON2/DLON/H
  206  186  164  144  130  124  124  129  140  158  181  204  225  240  252  265
  282  300  315  323  323  316  310  308  312  323  338  356  377  402  431  464
  500  536  567  588  595  586  565  540  519  503  488  469  443  414  386  366
  354  347  342  338  335  332  331  332  337  345  352  355  353  348  343  337
  329  315  296  275  256  242  232  221  206
    25.0-180.0 180.0   5.0 450.0                            LAT/LON1/LON2/DLON/H
  199  184  166  149  137  130  127  128  135  150  172  198  223  242  256  268
  280  295  307  315  316  312  309  310  318  333  353  378  405  435  467  501
  537  570  596  611  609  593  568  542  523  511  500  484  459  429  401  381
  369  361  357  353  350  346  342  340  342  349  355  357  352  344  335  326
  315  298  278  256  237  224  216  209  199
    22.5-180.0 180.0   5.0 450.0                            LAT/LON1/LON2/DLON/H
  192  182  169  157  147  141  136  132  134  144  164  191  218  240  255  265
  275  285  295  302  305  304  305  309  321  341  366  396  427  458  490  521
  552  580  599  606  599  578  553  531  518  513  508  495  472  443  417  397
  385  377  372  368  365  359  350  341  338  340  344  343  336  325  314  304
  291  274  253  231  215  205  200  197  192
    20.0-180.0 180.0   5.0 450.0                            LAT/LON1/LON2/DLON/H
  187  182  173  164  157  152  146  140  136  141  157  183  211  235  250  259
  265  272  280  287  292  294  298  307  324  348  377  409  441  470  497  523
  547  567  578  578  566  546  525  512  509  512  514  505  484  458  433  414
  401  392  385  382  377  367  352  336  325  320  319  315  305  293  283  273
  261  244  224  206  193  187  187  188  187
    17.5-180.0 180.0   5.0 450.0                            LAT/LON1/LON2/DLON/H
  184  181  176  169  165  162  156  148  141  140  152  175  202  226  242  250
  254  259  266  273  278  283  290  304  326  354  387  419  449  473  494  511
  527  538  542  536  522  505  493  491  499  512  520  515  497  473  450  432
  417  405  397  392  386  373  351  327  307  296  289  280  268  256  247  239
  229  213  196  181  174  174  178  182  184
    15.0-180.0 180.0   5.0 450.0                            LAT/LON1/LON2/DLON/H
  181  179  175  170  167  166  162  154  145  141  148  167  192  215  231  239
  243  248  253  260  265  272  282  301  328  361  397  429  455  473  486  496
  504  508  505  495  480  468  465  475  495  515  527  524  507  485  464  446
  430  415  404  398  390  374  348  317  291  274  262  249  234  222  214  209
  200  186  171  161  159  164  172  178  181
    12.5-180.0 180.0   5.0 450.0                            LAT/LON1/LON2/DLON/H
  177  175  170  165  163  163  162  156  147  141  144  159  180  202  218  227
  233  238  244  250  255  263  276  299  332  371  409  441  463  476  483  487
  490  489  481  468  454  446  452  471  498  523  535  531  514  492  472  454
  436  419  406  398  390  373  344  310  281  261  246  229  211  197  190  186
  179  165  152  146  150  159  169  175  177
    10.0-180.0 180.0   5.0 450.0                            LAT/LON1/LON2/DLON/H
  173  168  160  154  152  154  155  152  145  138  139  149  168  188  205  217
  225  232  239  244  249  257  273  300  339  383  424  456  477  487  490  492
  493  490  480  465  451  446  457  480  510  533  542  534  514  491  471  452
  433  414  400  392  384  368  340  307  280  262  245  225  203  187  180  175
  167  154  142  138  145  157  167  173  173
     7.5-180.0 180.0   5.0 450.0                            LAT/LON1/LON2/DLON/H
  167  159  149  141  138  139  142  142  138  132  131  139  154  173  192  208
  220  230  238  244  249  257  275  306  349  397  442  476  497  506  510  513
  516  513  503  487  472  468  478  501  526  542  543  528  503  478  457  439
  419  400  386  380  374  359  335  307  286  273  259  237  212  192  182  176
  166  151  139  138  146  159  168  171  167
     5.0-180.0 180.0   5.0 450.0                            LAT/LON1/LON2/DLON/H
  161  150  138  128  123  123  127  129  127  122  121  126  140  159  181  200
  217  230  241  248  254  264  283  316  361  413  460  497  520  532  539  545
  551  551  542  525  510  503  509  524  540  545  535  510  480  452  431  413
  395  377  365  361  357  346  326  305  293  288  279  259  231  207  193  185
  173  157  144  143  152  164  170  169  161
     2.5-180.0 180.0   5.0 450.0                            LAT/LON1/LON2/DLON/H
  157  144  130  118  110  109  112  115  114  110  108  113  125  146  171  195
  216  233  247  257  266  277  297  330  375  427  476  515  541  556  566  576
  585  588  582  566  550  540  539  543  544  536  514  481  446  416  394  377
  361  347  338  336  335  326  309  296  294  298  297  280  251  225  208  197
  183  166  154  153  161  170  173  168  157
