public/data/global.ionex
     1.0            IONOSPHERE MAPS     GNSS                IONEX VERSION / TYPE
ADDNEQ2 V5.5        AIUB                02-JUL-26 07:10     PGM / RUN BY / DATE 
CODE'S GLOBAL IONOSPHERE MAPS FOR DAY 178, 2026             COMMENT             
Global ionosphere maps (GIM) are generated on a daily basis DESCRIPTION         
at CODE using data from about 300 GNSS sites of the IGS and DESCRIPTION         
other institutions. The vertical total electron content     DESCRIPTION         
(VTEC) is modeled in a solar-geomagnetic reference frame    DESCRIPTION         
using a spherical harmonics expansion up to degree and      DESCRIPTION         
order 15. Piece-wise linear functions are used for          DESCRIPTION         
representation in the time domain. The time spacing of      DESCRIPTION         
their vertices is 1 hour, conforming with the epochs of the DESCRIPTION         
VTEC maps.                                                  DESCRIPTION         
To convert line-of-sight TEC into vertical TEC, a modified  DESCRIPTION         
single-layer model mapping function approximating the JPL   DESCRIPTION         
extended slab model mapping function is adopted. The        DESCRIPTION         
mapping function is evaluated at geodetic satellite         DESCRIPTION         
elevation angles. For the computation of the ionospheric    DESCRIPTION         
pierce points, a spherical layer with a radius of 6821 km   DESCRIPTION         
is assumed, implying geocentric, not geodetic IONEX         DESCRIPTION         
latitudes.                                                  DESCRIPTION         
Instrumental biases with respect to each involved GNSS code DESCRIPTION         
observable are estimated as constant values for each        DESCRIPTION         
day. They are modeled with one set of bias parameters for   DESCRIPTION         
each satellite and each station in case of GPS and for each DESCRIPTION         
satellite-station link in case of GLONASS. The code bias    DESCRIPTION         
datum is defined by zero-mean conditions imposed on the     DESCRIPTION         
satellite bias estimates. In this file, just GPS C1W-C2W    DESCRIPTION         
satellite and station bias values are included. The         DESCRIPTION         
complete set of GNSS code bias results is provided in an    DESCRIPTION         
additional Bias-SINEX file as pseudo-absolute values        DESCRIPTION         
specific to each observable.                                DESCRIPTION         
Note: These GIM results correspond to the results for the   DESCRIPTION         
middle day of a 3-day combination analysis solving for 73   DESCRIPTION         
times 256, or 18688 VTEC parameters and 3 daily sets of     DESCRIPTION         
GNSS code bias parameters.                                  DESCRIPTION         
Contact address: code(at)aiub.unibe.ch                      DESCRIPTION         
Data archive:    ftp.aiub.unibe.ch/CODE/                    DESCRIPTION         
                 www.aiub.unibe.ch/download/CODE/           DESCRIPTION         
  2026     6    27     0     0     0                        EPOCH OF FIRST MAP  
  2026     6    28     0     0     0                        EPOCH OF LAST MAP   
  3600                                                      INTERVAL            
[...]
badg bake bako barh bjfs bndy boav bogo bogt bor1 braz brft COMMENT             
brst brux bshm cags cas1 ccj2 cedu chpg chpi chti chur ckis COMMENT             
cmum coco cord cpvg cpxf cro1 daej darw dav1 dgar dhlg djig COMMENT             
drao dubi dubo ebre faa1 fair flin flrs frdn gamb ganp glps COMMENT             
glsv gode gol2 gold gope gras graz guam guug harb hers hert COMMENT             
hlfx hnpt hob2 hofn holb holm hrao iddr ieng iisc impz ineg COMMENT             
iqal irkj ispa jdpr jog2 joz2 joze karr kerg kir0 kiri kiru COMMENT             
kit3 kokb kokv kouc koug kour krgg lama laut lck4 lmmf lpal COMMENT             
lpgs m0se mac1 madr mal2 mas1 mat1 mate maui maw1 mcil mcm4 COMMENT             
mdo1 medi mgue mizu mkea mnls mobs monp morp mqzg mro1 mtka COMMENT             
nano naur nico nist nium nklg nlib nnor not1 nrc1 nrmd nya1 COMMENT             
nyal onsa ous2 park pdel penc pert pie1 pimo pohn pol2 pots COMMENT             
pove ptag ptbb ptvl qaq1 quin rbay reso reun reyk rgdg rio2 COMMENT             
roth salu samo sant sch2 scor scrz sctb seyg sfer sofi spt0 COMMENT             
ssia sthl stjo stk2 str2 suth sutm suwn sydn syog tash thtg COMMENT             
thti thu2 tid1 tidb tlse tn22 tow2 tro1 tskb tuva twtf txes COMMENT             
uclu ulab unb3 unbj unsa urum usn7 usud vald vill vtsp wab2 COMMENT             
wark wgtn whit will wind wsrt wtza wtzl wtzr wtzs wtzz xmis COMMENT             
yar2 yar3 yarr yell ykro zamb zeck zim2 zim3 zimm           COMMENT             
                                                            END OF HEADER       
[from data line 3003]
     8                                                      START OF TEC MAP    
  2026     6    27     7     0     0                        EPOCH OF CURRENT MAP
    87.5-180.0 180.0   5.0 450.0                            LAT/LON1/LON2/DLON/H
  153  153  154  154  155  155  156  156  156  157  157  157  158  158  158  158
  158  158  157  157  157  156  156  155  155  154  154  153  152  152  151  151
  150  150  150  149  149  149  149  149  149  149  149  149  149  150  150  150
  150  150  150  151  151  151  151  151  151  150  150  150  150  150  150  150
  150  150  151  151  151  151  152  152  153
    85.0-180.0 180.0   5.0 450.0                            LAT/LON1/LON2/DLON/H
  155  156  157  159  160  161  162  163  164  165  165  166  166  166  167  167
  166  166  166  165  164  163  162  161  159  158  156  155  154  152  151  150
  149  148  148  147  147  147  148  148  149  150  151  152  154  155  156  157
  159  159  160  160  161  160  160  160  159  158  157  156  155  154  153  153
  152  152  152  152  152  153  153  154  155
    82.5-180.0 180.0   5.0 450.0                            LAT/LON1/LON2/DLON/H
  159  161  162  164  165  167  168  169  170  171  172  172  173  173  173  173
  173  173  172  171  170  168  166  164  162  160  157  155  153  151  149  148
  146  146  145  145  146  147  148  150  152  155  157  161  164  167  171  174
  176  179  180  181  182  181  180  179  177  174  172  169  166  163  161  159
  157  156  155  155  155  156  156  158  159
    80.0-180.0 180.0   5.0 450.0                            LAT/LON1/LON2/DLON/H
  164  166  168  169  170  171  172  173  174  174  174  175  175  175  175  176
  176  175  175  174  172  170  168  165  162  158  155  152  149  147  145  144
  143  143  143  144  145  147  150  153  157  162  167  173  179  185  191  197
  202  206  209  211  211  211  209  206  202  198  193  187  182  177  172  168
  165  163  161  160  160  161  162  163  164
    77.5-180.0 180.0   5.0 450.0                            LAT/LON1/LON2/DLON/H
  170  172  173  173  174  174  174  174  173  173  172  172  172  172  173  173
  174  174  174  173  172  169  166  162  158  153  149  145  143  141  140  140
  140  141  143  145  147  150  153  158  164  170  178  186  195  204  213  221
  228  235  239  242  243  242  240  236  230  224  216  209  201  194  187  181
  176  173  170  168  168  168  168  169  170
    75.0-180.0 180.0   5.0 450.0                            LAT/LON1/LON2/DLON/H
  176  176  176  176  175  174  173  171  170  168  167  166  165  165  166  167
  168  170  171  171  169  166  162  157  151  145  140  136  133  133  134  136
  138  141  145  148  151  155  159  164  171  179  188  199  210  221  232  242
  251  258  264  267  269  268  265  260  254  246  237  228  219  210  202  195
  189  184  181  179  177  177  176  176  176
    72.5-180.0 180.0   5.0 450.0                            LAT/LON1/LON2/DLON/H
  181  179  177  175  173  170  168  166  163  161  159  157  156  156  157  159
  161  163  165  166  165  162  157  150  142  135  129  125  123  124  128  133
  139  145  150  154  158  162  166  171  178  186  197  208  220  232  244  254
  263  270  276  279  281  280  278  273  267  259  250  241  232  223  215  208
  202  197  193  190  188  186  184  183  181
    70.0-180.0 180.0   5.0 450.0                            LAT/LON1/LON2/DLON/H
  184  180  176  172  167  164  160  157  155  152  150  149  147  147  147  149
  152  156  159  161  160  157  151  143  133  124  117  113  113  117  124  133
  142  151  157  163  166  169  173  177  184  192  202  213  225  236  246  255
  262  267  272  274  276  276  274  271  266  260  253  245  238  230  223  218
  213  209  205  202  199  195  192  188  184
    67.5-180.0 180.0   5.0 450.0                            LAT/LON1/LON2/DLON/H
  186  180  173  166  160  155  151  148  145  144  142  140  139  138  138  140
  143  146  150  153  154  151  145  135  125  115  107  104  106  113  123  135
  148  158  166  172  175  176  179  182  188  196  205  215  225  233  240  245
  248  251  252  254  255  255  255  254  252  249  245  240  235  231  227  223
  221  218  215  212  208  204  198  192  186
    65.0-180.0 180.0   5.0 450.0                            LAT/LON1/LON2/DLON/H
  189  180  172  163  155  147  142  138  136  135  134  133  132  131  130  130
  132  135  139  143  144  142  137  128  117  108  101   99  103  112  125  140
  154  166  175  179  181  182  183  185  191  198  207  215  222  226  228  228
  227  225  224  224  224  226  227  229  229  229  229  228  226  225  225  224
  224  224  222  220  216  211  204  197  189
    62.5-180.0 180.0   5.0 450.0                            LAT/LON1/LON2/DLON/H
  194  185  175  164  154  144  136  131  128  127  127  127  126  124  122  120
  120  122  125  129  131  131  127  119  111  103   98   98  104  115  130  147
  162  173  181  184  185  184  185  188  193  200  208  215  218  218  215  210
  204  199  195  194  194  196  199  202  205  208  210  212  214  215  218  220
  223  225  226  225  221  216  210  202  194
    60.0-180.0 180.0   5.0 450.0                            LAT/LON1/LON2/DLON/H
  203  195  186  174  161  148  136  128  123  121  121  121  120  117  114  110
  108  107  109  112  115  116  115  110  105  101   99  102  110  123  138  154
  168  178  184  186  186  185  186  189  196  203  211  216  216  213  206  196
  187  180  175  174  174  176  179  183  187  190  194  197  201  204  208  213
  218  222  225  226  225  221  215  210  203
    57.5-180.0 180.0   5.0 450.0                            LAT/LON1/LON2/DLON/H
  216  212  205  194  179  162  145  132  122  118  116  115  114  111  107  101
   97   94   93   95   98  100  101  101  100  100  103  109  119  132  147  160
  172  180  184  185  184  184  187  192  199  208  215  219  218  212  202  192
  182  175  171  170  171  172  174  176  179  181  184  188  191  195  199  204
  210  216  222  225  226  224  222  219  216
    55.0-180.0 180.0   5.0 450.0                            LAT/LON1/LON2/DLON/H
  232  234  232  223  207  186  164  144  129  119  114  111  110  107  102   95
   89   83   80   80   82   85   89   92   96  102  109  119  130  142  155  166
  175  180  183  183  183  185  189  195  205  214  221  224  222  215  206  196
  189  185  183  183  184  184  184  183  183  183  184  186  188  190  192  196
  201  209  216  222  226  227  228  230  232
    52.5-180.0 180.0   5.0 450.0                            LAT/LON1/LON2/DLON/H
  248  257  261  256  240  217  190  164  143  127  116  110  107  104   99   93
   85   78   74   71   72   75   79   86   94  104  116  128  140  152  162  170
  176  180  182  182  184  187  193  201  211  221  228  231  229  223  216  210
  206  206  207  209  209  208  204  200  196  194  193  193  192  191  190  191
  195  203  212  220  225  229  233  239  248
    50.0-180.0 180.0   5.0 450.0                            LAT/LON1/LON2/DLON/H
  259  274  285  285  273  249  220  190  162  140  124  114  108  104  100   95
   88   81   75   71   70   71   75   82   93  107  121  136  149  159  168  174
  178  181  183  185  188  192  199  208  218  227  234  237  236  233  229  227
  228  231  236  238  238  234  228  221  215  211  209  207  204  200  196  192
  194  200  210  219  226  230  236  245  259
    47.5-180.0 180.0   5.0 450.0                            LAT/LON1/LON2/DLON/H
  263  283  299  304  296  275  246  215  185  158  137  121  112  107  104  100
   95   90   85   80   77   75   77   83   94  109  125  141  154  164  172  178
  182  185  188  191  195  201  208  216  225  233  240  243  244  243  242  244
  248  254  259  262  261  257  250  242  236  231  229  227  224  217  208  201
  199  203  212  222  229  233  237  246  263
    45.0-180.0 180.0   5.0 450.0                            LAT/LON1/LON2/DLON/H
  259  280  299  307  302  285  261  233  205  177  152  133  120  114  111  108
  106  103  101   97   93   88   85   88   97  112  128  144  157  167  175  182
  188  193  197  201  206  212  218  224  231  238  244  249  252  253  254  257
  261  267  272  275  275  272  267  261  257  253  252  251  248  240  229  217
  211  212  221  231  236  237  237  243  259
    42.5-180.0 180.0   5.0 450.0                            LAT/LON1/LON2/DLON/H
  249  267  284  292  289  276  259  239  217  192  166  145  131  122  118  117
  117  119  121  120  115  106   99   97  103  116  131  145  158  168  178  188
  196  203  209  214  219  224  228  232  237  242  248  254  259  262  263  265
  268  271  275  278  280  281  282  281  280  279  279  279  276  268  255  240
  230  229  236  244  248  244  238  238  249
    40.0-180.0 180.0   5.0 450.0                            LAT/LON1/LON2/DLON/H
  239  250  260  263  258  249  239  229  217  198  177  157  141  131  126  124
  127  133  141  144  140  129  117  110  112  122  135  148  159  170  181  194
  205  215  222  227  231  235  238  240  242  246  252  260  266  270  271  271
  270  270  273  277  285  294  303  309  311  311  310  309  307  299  285  267
  254  250  256  263  264  256  244  236  239
    37.5-180.0 180.0   5.0 450.0                            LAT/LON1/LON2/DLON/H
  235  235  235  229  218  208  205  206  204  196  181  164  150  139  132  130
  134  145  159  168  165  152  136  125  124  131  141  152  162  172  185  200
  214  225  233  238  243  246  247  246  247  250  258  267  275  279  279  277
  273  272  275  285  300  320  338  350  354  352  347  342  337  329  315  297
  282  276  279  286  285  274  256  241  235
    35.0-180.0 180.0   5.0 450.0                            LAT/LON1/LON2/DLON/H
  242  232  219  201  180  167  167  175  183  184  177  167  157  147  138  134
  139  154  174  188  188  175  157  143  139  144  152  160  167  175  188  204
  220  232  241  247  252  255  255  254  253  256  264  275  285  290  290  287
  284  285  293  311  337  367  394  410  412  402  388  376  367  358  344  327
  311  303  305  310  310  298  277  256  242
    32.5-180.0 180.0   5.0 450.0                            LAT/LON1/LON2/DLON/H
  264  245  220  189  157  138  137  148  162  169  170  166  162  154  145  138
  143  161  186  205  209  196  177  162  157  160  166  170  173  179  190  205
  221  234  244  251  258  262  263  261  259  262  271  283  296  303  306  305
  306  314  332  361  399  439  471  486  481  460  433  409  393  381  369  354
  339  330  331  336  337  326  306  283  264
    30.0-180.0 180.0   5.0 450.0                            LAT/LON1/LON2/DLON/H
  298  274  242  200  159  133  127  137  150  158  162  165  166  163  153  145
  149  168  197  219  225  214  196  182  178  180  183  182  180  181  188  201
  217  230  242  252  261  268  271  269  267  270  279  293  307  318  325  331
  342  361  392  433  481  527  558  567  551  517  476  440  415  400  389  377
  364  355  355  360  363  357  340  320  298
    27.5-180.0 180.0   5.0 450.0                            LAT/LON1/LON2/DLON/H
  341  316  280  235  190  158  147  150  156  159  161  167  173  174  165  156
  158  177  207  230  238  229  213  202  199  200  199  192  184  179  182  192
  206  220  235  249  263  273  278  278  276  278  287  302  318  333  347  364
  387  421  465  517  571  616  641  640  612  564  511  464  432  414  404  396
  386  379  378  383  389  387  377  360  341
    25.0-180.0 180.0   5.0 450.0                            LAT/LON1/LON2/DLON/H
  382  360  327  286  243  212  197  191  184  176  171  175  184  188  182  172
  172  189  217  239  247  240  229  221  218  217  210  198  183  173  171  178
  191  206  224  244  263  277  285  286  285  288  297  312  330  349  371  399
  435  482  537  595  648  687  701  688  649  593  534  482  445  424  416  411
  406  401  399  404  411  414  409  398  382
    22.5-180.0 180.0   5.0 450.0                            LAT/LON1/LON2/DLON/H
  414  396  372  340  309  285  269  255  234  210  193  191  200  206  202  192
  190  204  226  245  252  248  240  236  233  227  214  196  176  161  156  160
  172  190  213  238  262  280  291  294  295  299  309  324  343  366  394  431
  478  533  593  650  696  723  723  699  655  599  542  491  454  434  427  426
  425  422  419  423  430  436  435  427  414
    20.0-180.0 180.0   5.0 450.0                            LAT/LON1/LON2/DLON/H
  430  416  402  386  371  360  349  329  296  256  226  215  221  227  224  215
  211  219  235  248  252  250  247  244  240  228  209  184  161  144  137  140
  153  174  201  231  260  281  294  301  305  312  323  338  357  382  415  458
  509  566  623  671  705  716  704  673  630  583  538  497  464  445  438  441
  444  442  439  440  445  451  450  442  430
    17.5-180.0 180.0   5.0 450.0                            LAT/LON1/LON2/DLON/H
  428  416  410  411  415  421  419  399  358  305  263  243  244  249  247  237
  231  233  240  246  247  247  247  245  237  219  193  164  140  123  117  121
  136  160  191  225  256  280  296  306  315  326  338  354  373  399  434  477
  526  577  622  656  674  671  650  618  584  554  527  501  476  459  453  457
  462  462  458  455  457  459  456  444  428
    15.0-180.0 180.0   5.0 450.0                            LAT/LON1/LON2/DLON/H
  413  398  398  411  432  454  463  448  404  347  297  271  267  270  267  257
  248  243  242  240  238  238  239  237  224  200  168  138  115  102   99  105
  122  148  182  219  252  277  295  310  324  340  355  371  390  415  449  489
  531  568  597  614  616  604  581  555  536  525  518  508  493  477  471  474
  480  480  474  467  465  463  454  435  413
    12.5-180.0 180.0   5.0 450.0                            LAT/LON1/LON2/DLON/H
  392  371  370  389  421  454  472  464  426  371  321  292  285  285  282  272
  259  249  240  231  225  224  226  221  203  173  138  109   91   83   84   93
  111  140  176  214  247  272  292  311  331  351  369  385  404  429  462  497
  528  550  562  562  554  539  521  507  503  509  519  522  513  498  489  489
  494  493  485  475  469  463  448  422  392
    10.0-180.0 180.0   5.0 450.0                            LAT/LON1/LON2/DLON/H
  374  346  340  357  389  423  446  445  417  372  329  303  295  294  289  278
  264  249  233  219  210  208  208  200  177  143  108   83   70   68   73   85
  105  134  171  208  240  266  287  310  335  358  377  393  412  439  471  502
  524  533  531  521  510  501  495  495  502  517  533  540  533  517  504  501
  502  500  490  477  469  460  442  411  374
     7.5-180.0 180.0   5.0 450.0                            LAT/LON1/LON2/DLON/H
  367  334  320  328  350  376  396  399  382  352  322  303  297  295  289  277
  261  242  223  206  195  191  188  175  149  114   83   62   55   58   66   80
  101  130  166  202  233  258  281  306  333  357  375  391  412  441  476  507
  525  527  518  506  501  505  515  527  539  551  560  561  549  530  512  504
  502  497  485  472  462  455  438  407  367
     5.0-180.0 180.0   5.0 450.0                            LAT/LON1/LON2/DLON/H
  374  340  320  314  320  329  338  340  332  317  302  293  290  287  280  267
  250  230  210  193  181  175  168  151  123   91   64   50   48   53   63   77
   98  126  161  195  225  250  274  299  325  346  362  377  399  433  474  511
  532  536  529  524  531  552  579  599  606  602  591  576  555  530  509  497
  491  483  470  457  450  446  435  410  374
     2.5-180.0 180.0   5.0 450.0                            LAT/LON1/LON2/DLON/H
  393  364  341  323  310  298  290  285  282  279  277  276  276  273  264  250
  232  213  194  179  168  161  150  130  103   75   55   46   47   53   62   75
   95  122  155  188  217  242  265  288  310  327  338  350  375  415  465  511
  543  557  561  569  592  631  671  693  687  657  617  579  545  516  493  479
  470  460  447  435  430  432  431  418  393
