public/data/global.ionex
     1.0            IONOSPHERE MAPS     GNSS                IONEX VERSION / TYPE
ADDNEQ2 V5.5        AIUB                07-JUL-26 19:00     PGM / RUN BY / DATE 
CODE'S GLOBAL IONOSPHERE MAPS FOR DAY 184, 2026             COMMENT             
Global ionosphere maps (GIM) are generated on a daily basis DESCRIPTION         
at CODE using data from about 300 GNSS sites of the IGS and DESCRIPTION         
other institutions. The vertical total electron content     DESCRIPTION         
(VTEC) is modeled in a solar-geomagnetic reference frame    DESCRIPTION         
using a spherical harmonics expansion up to degree and      DESCRIPTION         
order 15. Piece-wise linear functions are used for          DESCRIPTION         
representation in the time domain. The time spacing of      DESCRIPTION         
their vertices is 1 hour, conforming with the epochs of the DESCRIPTION         
VTEC maps.                                                  DESCRIPTION         
To convert line-of-sight TEC into vertical TEC, a modified  DESCRIPTION         
single-layer model mapping function approximating the JPL   DESCRIPTION         
extended slab model mapping function is adopted. The        DESCRIPTION         
mapping function is evaluated at geodetic satellite         DESCRIPTION         
elevation angles. For the computation of the ionospheric    DESCRIPTION         
pierce points, a spherical layer with a radius of 6821 km   DESCRIPTION         
is assumed, implying geocentric, not geodetic IONEX         DESCRIPTION         
latitudes.                                                  DESCRIPTION         
Instrumental biases with respect to each involved GNSS code DESCRIPTION         
observable are estimated as constant values for each        DESCRIPTION         
day. They are modeled with one set of bias parameters for   DESCRIPTION         
each satellite and each station in case of GPS and for each DESCRIPTION         
satellite-station link in case of GLONASS. The code bias    DESCRIPTION         
datum is defined by zero-mean conditions imposed on the     DESCRIPTION         
satellite bias estimates. In this file, just GPS C1W-C2W    DESCRIPTION         
satellite and station bias values are included. The         DESCRIPTION         
complete set of GNSS code bias results is provided in an    DESCRIPTION         
additional Bias-SINEX file as pseudo-absolute values        DESCRIPTION         
specific to each observable.                                DESCRIPTION         
Note: These GIM results correspond to the results for the   DESCRIPTION         
middle day of a 3-day combination analysis solving for 73   DESCRIPTION         
times 256, or 18688 VTEC parameters and 3 daily sets of     DESCRIPTION         
GNSS code bias parameters.                                  DESCRIPTION         
Contact address: code(at)aiub.unibe.ch                      DESCRIPTION         
Data archive:    ftp.aiub.unibe.ch/CODE/                    DESCRIPTION         
                 www.aiub.unibe.ch/download/CODE/           DESCRIPTION         
  2026     7     3     0     0     0                        EPOCH OF FIRST MAP  
  2026     7     4     0     0     0                        EPOCH OF LAST MAP   
  3600                                                      INTERVAL            
[...]
azgb badg bake barh bjfs bndy boav bogo bogt bor1 braz brft COMMENT             
brst brux bshm cags cas1 ccj2 cedu chpg chpi chti chur ckis COMMENT             
cmum coco cord cpvg cpxf cro1 daej darw dav1 dgar dhlg djig COMMENT             
drao dubi dubo ebre faa1 fair flin flrs frdn gamb ganp glps COMMENT             
glsv gode gol2 gold gope gras graz guam guug harb hers hert COMMENT             
hlfx hnpt hob2 hofn holb holm hrao iddr ieng iisc impz iqal COMMENT             
irkj ispa jdpr jog2 joz2 joze karr kerg kir0 kiri kiru kit3 COMMENT             
kokb kokv kouc koug kour krgg lama laut lck4 lmmf lpal lpgs COMMENT             
m0se mac1 madr mal2 mas1 mat1 mate maui maw1 mcil mcm4 mdo1 COMMENT             
medi mgue mizu mkea mnls mobs monp morp mqzg mro1 mtka nano COMMENT             
naur nico nist nium nklg nlib nnor not1 nrc1 nrmd nya1 nyal COMMENT             
onsa ous2 park pdel penc pert pie1 pimo pohn pol2 polv pots COMMENT             
pove ptag ptbb ptvl qaq1 quin rbay reso reun reyk rgdg rio2 COMMENT             
roth salu samo sant sch2 scor scrz sctb seyg sfer smst spt0 COMMENT             
sthl stjo stk2 str2 suth sutm suwn sydn syog tash thtg thti COMMENT             
thu2 tid1 tidb tlse tn22 tow2 tro1 tskb tuva twtf txes uclu COMMENT             
ufpr ulab unb3 unbj unsa urum usn7 usud vald vill vtsp wab2 COMMENT             
wark wgtn whit will wind wsrt wtza wtzl wtzr wtzs wtzz xmis COMMENT             
yar2 yar3 yarr yell ykro zamb zeck zim2 zim3 zimm           COMMENT             
                                                            END OF HEADER       
[from data line 9867]
    24                                                      START OF TEC MAP    
  2026     7     3    23     0     0                        EPOCH OF CURRENT MAP
    87.5-180.0 180.0   5.0 450.0                            LAT/LON1/LON2/DLON/H
   96   95   95   94   94   93   93   92   92   92   92   91   91   91   91   91
   92   92   92   92   93   93   94   94   95   95   96   96   97   97   98   99
   99  100  100  101  101  102  102  103  103  104  104  105  105  105  106  106
  106  107  107  107  107  107  107  107  106  106  106  105  105  104  103  103
  102  101  101  100   99   98   97   97   96
    85.0-180.0 180.0   5.0 450.0                            LAT/LON1/LON2/DLON/H
   98   97   96   95   94   93   92   92   91   91   90   90   89   89   89   89
   90   90   91   91   92   93   94   95   96   97   98   99  100  101  102  103
  104  104  105  106  106  107  108  109  109  110  111  112  113  114  115  115
  116  117  118  118  119  119  119  119  119  118  118  117  116  115  113  112
  110  109  107  105  104  102  101   99   98
    82.5-180.0 180.0   5.0 450.0                            LAT/LON1/LON2/DLON/H
  104  102  101  100   99   98   98   97   96   95   94   93   93   92   91   91
   91   91   92   92   94   95   96   98  100  101  103  105  106  107  108  109
  110  110  111  111  112  112  113  113  114  115  116  118  119  121  122  124
  126  127  129  130  132  132  133  133  133  133  132  131  129  128  125  123
  121  118  116  113  111  109  107  105  104
    80.0-180.0 180.0   5.0 450.0                            LAT/LON1/LON2/DLON/H
  113  112  111  111  110  110  109  109  108  106  105  103  101   99   97   95
   94   94   94   95   96   98  100  102  104  107  109  111  112  113  114  115
  115  115  115  115  115  115  115  116  117  118  119  121  123  125  128  130
  133  136  138  141  143  144  146  147  147  147  146  145  143  141  139  136
  133  129  126  123  121  118  116  114  113
    77.5-180.0 180.0   5.0 450.0                            LAT/LON1/LON2/DLON/H
  126  126  126  126  126  127  127  126  125  123  120  117  113  109  106  102
  100   98   97   98   99  101  103  106  108  111  113  115  116  118  118  118
  118  118  117  117  116  116  116  116  117  119  120  122  125  128  131  134
  138  141  144  147  150  153  155  156  157  158  158  157  155  153  151  148
  145  142  138  135  132  130  128  127  126
    75.0-180.0 180.0   5.0 450.0                            LAT/LON1/LON2/DLON/H
  142  143  144  145  146  147  148  148  146  144  140  135  129  123  117  111
  107  103  101  101  102  103  105  108  111  113  115  117  118  119  119  119
  118  118  117  116  115  115  115  115  116  118  120  122  125  128  132  135
  139  142  146  149  153  156  158  161  163  164  165  165  164  163  162  159
  157  154  151  149  147  145  143  142  142
    72.5-180.0 180.0   5.0 450.0                            LAT/LON1/LON2/DLON/H
  161  162  164  165  168  169  171  171  169  166  161  155  147  139  130  122
  116  111  107  106  106  107  108  110  112  114  115  116  117  117  117  116
  116  116  115  114  114  114  114  114  115  117  119  122  125  128  131  135
  138  141  144  148  151  154  157  160  162  165  167  168  169  170  170  169
  169  167  166  164  163  162  161  161  161
    70.0-180.0 180.0   5.0 450.0                            LAT/LON1/LON2/DLON/H
  182  183  184  186  188  190  192  192  191  187  182  174  165  155  145  135
  127  121  116  114  113  113  113  114  114  115  115  114  114  114  114  114
  114  114  114  114  114  114  114  114  116  117  120  122  125  128  131  134
  136  138  140  143  145  148  151  154  158  161  164  167  171  173  176  178
  179  180  181  181  181  182  182  182  182
    67.5-180.0 180.0   5.0 450.0                            LAT/LON1/LON2/DLON/H
  203  204  204  206  207  208  209  210  208  205  200  192  182  172  161  150
  141  134  129  126  124  123  121  120  119  117  116  114  114  113  113  114
  114  115  116  116  116  117  117  117  118  120  122  125  127  130  131  133
  134  135  136  137  138  141  143  146  150  154  158  163  168  174  179  184
  188  192  195  198  200  201  202  203  203
    65.0-180.0 180.0   5.0 450.0                            LAT/LON1/LON2/DLON/H
  222  222  222  222  222  223  223  223  221  218  213  206  197  187  177  167
  158  151  146  143  140  137  134  131  127  124  121  119  118  117  118  119
  120  121  122  123  124  124  123  124  124  125  127  129  131  132  133  133
  133  132  132  132  132  134  136  139  142  146  151  157  164  172  179  187
  194  200  206  211  215  218  221  222  222
    62.5-180.0 180.0   5.0 450.0                            LAT/LON1/LON2/DLON/H
  237  237  236  235  234  234  233  231  229  226  222  216  209  200  192  184
  177  171  166  163  159  155  151  146  141  137  133  131  129  129  129  131
  132  133  134  135  135  134  133  132  132  132  133  135  136  136  135  134
  132  130  129  128  129  130  132  134  136  140  145  151  159  168  177  187
  196  205  212  219  225  230  234  236  237
    60.0-180.0 180.0   5.0 450.0                            LAT/LON1/LON2/DLON/H
  245  246  246  245  244  242  240  237  234  231  227  222  217  212  206  200
  195  191  187  184  181  176  171  166  160  155  152  149  148  148  148  149
  149  150  150  150  149  147  145  143  141  140  140  141  141  140  138  135
  132  129  127  127  128  129  131  133  135  137  140  146  153  163  174  184
  194  203  212  220  228  234  240  243  245
    57.5-180.0 180.0   5.0 450.0                            LAT/LON1/LON2/DLON/H
  247  250  251  252  251  250  247  243  238  234  230  227  224  221  217  214
  211  209  207  204  201  197  192  187  182  178  175  174  173  172  172  171
  170  169  168  166  164  161  157  153  149  147  147  146  145  143  139  135
  130  127  126  127  129  132  135  136  137  138  139  143  149  158  168  179
  188  197  206  214  223  231  238  244  247
    55.0-180.0 180.0   5.0 450.0                            LAT/LON1/LON2/DLON/H
  244  249  253  256  258  258  255  250  244  238  234  231  229  228  227  226
  224  224  223  221  219  216  213  209  206  203  201  200  199  198  196  193
  190  187  184  181  177  172  166  161  156  153  151  150  148  144  139  133
  127  124  124  127  131  137  141  144  144  142  141  142  146  153  163  172
  180  188  195  203  213  222  231  239  244
    52.5-180.0 180.0   5.0 450.0                            LAT/LON1/LON2/DLON/H
  238  245  252  259  265  267  265  260  252  245  240  236  235  234  234  234
  234  234  234  234  233  233  231  230  229  227  226  226  224  221  217  212
  206  201  196  192  187  181  174  167  161  157  155  153  150  145  137  129
  123  119  121  126  133  142  149  153  153  150  146  143  145  151  158  166
  173  178  184  192  202  213  223  231  238
    50.0-180.0 180.0   5.0 450.0                            LAT/LON1/LON2/DLON/H
  234  241  251  262  272  278  278  273  265  256  249  244  241  240  239  239
  239  239  240  242  244  246  247  249  249  249  248  246  244  239  233  225
  217  210  205  200  195  188  180  172  165  160  157  155  151  144  135  125
  117  114  116  123  134  146  156  163  164  159  153  147  146  150  157  163
  168  172  176  184  195  207  218  227  234
    47.5-180.0 180.0   5.0 450.0                            LAT/LON1/LON2/DLON/H
  234  241  251  265  278  289  292  289  281  271  262  255  250  246  244  243
  242  243  245  248  252  257  262  265  267  266  264  261  256  250  242  233
  224  217  212  208  203  196  187  178  169  164  161  159  154  146  134  122
  113  109  111  120  133  148  162  171  174  169  161  153  150  153  159  165
  169  171  175  183  196  210  221  229  234
    45.0-180.0 180.0   5.0 450.0                            LAT/LON1/LON2/DLON/H
  242  246  255  269  286  300  307  306  299  289  279  269  261  254  249  246
  245  246  249  253  260  268  275  280  282  280  276  270  264  256  247  238
  229  224  220  218  215  208  198  187  178  172  168  166  161  151  137  122
  111  106  108  117  131  147  164  177  182  179  169  160  156  158  165  172
  176  178  182  192  207  223  234  240  242
    42.5-180.0 180.0   5.0 450.0                            LAT/LON1/LON2/DLON/H
  258  257  263  277  295  311  321  324  319  310  298  286  274  263  254  249
  248  249  254  261  269  279  288  294  295  291  284  276  268  260  252  243
  236  233  232  232  231  224  214  202  191  184  180  177  171  160  144  128
  115  108  109  116  129  145  164  180  188  186  177  167  163  166  175  183
  188  191  197  209  227  245  256  260  258
    40.0-180.0 180.0   5.0 450.0                            LAT/LON1/LON2/DLON/H
  281  276  278  290  307  324  336  342  340  333  320  305  289  274  262  255
  253  256  261  270  280  292  302  308  307  301  291  281  273  266  259  252
  247  246  249  252  252  247  236  223  211  202  197  194  187  174  157  138
  124  115  114  118  128  142  161  179  191  192  184  174  170  176  187  198
  204  208  215  230  251  271  284  286  281
    37.5-180.0 180.0   5.0 450.0                            LAT/LON1/LON2/DLON/H
  307  300  300  308  323  340  353  362  363  358  345  327  307  287  272  263
  261  265  271  281  292  305  316  321  319  310  299  289  282  276  270  265
  262  264  269  274  276  271  261  247  234  224  218  213  205  191  173  153
  137  127  124  124  129  140  156  175  190  194  188  180  177  185  199  213
  220  225  233  250  274  297  312  314  307
    35.0-180.0 180.0   5.0 450.0                            LAT/LON1/LON2/DLON/H
  333  327  326  333  346  360  374  384  389  385  373  353  329  305  286  275
  273  276  283  292  304  316  327  332  329  320  309  300  294  290  285  280
  278  281  288  295  298  294  284  271  258  247  239  232  223  208  189  169
  153  142  136  133  132  137  151  170  186  193  190  183  183  193  209  225
  234  238  246  264  289  316  333  338  333
    32.5-180.0 180.0   5.0 450.0                            LAT/LON1/LON2/DLON/H
  356  354  356  363  374  386  400  411  418  417  405  384  356  328  306  293
  288  290  296  303  313  324  334  338  335  327  318  311  308  305  300  293
  290  293  300  308  312  309  300  288  276  265  256  248  237  222  202  182
  167  157  150  143  137  136  145  162  180  190  189  184  186  197  216  233
  242  245  252  269  295  323  345  355  356
    30.0-180.0 180.0   5.0 450.0                            LAT/LON1/LON2/DLON/H
  371  378  386  395  406  417  429  441  450  452  441  419  389  358  333  316
  308  307  309  313  319  327  335  339  337  331  324  320  319  315  308  299
  293  294  301  309  312  309  302  293  284  274  265  256  244  228  209  190
  176  167  160  151  140  134  138  153  172  184  186  184  186  199  219  235
  243  245  249  264  290  319  345  361  371
    27.5-180.0 180.0   5.0 450.0                            LAT/LON1/LON2/DLON/H
  380  397  413  427  438  448  460  473  484  488  480  459  429  396  368  347
  334  327  323  322  323  327  332  334  332  327  323  322  321  317  306  293
  284  283  289  295  297  294  288  283  278  272  264  254  241  226  208  190
  177  170  165  155  142  131  131  144  163  177  182  182  186  199  217  232
  239  239  241  253  276  306  335  360  380
    25.0-180.0 180.0   5.0 450.0                            LAT/LON1/LON2/DLON/H
  382  410  434  453  467  477  488  502  515  523  519  501  473  441  411  386
  367  353  342  333  328  326  326  324  320  316  313  313  312  305  291  273
  261  259  264  269  268  264  259  259  259  257  251  242  229  215  197  181
  170  166  162  154  139  126  122  134  153  170  178  181  185  196  212  225
  230  229  229  239  261  290  322  353  382
    22.5-180.0 180.0   5.0 450.0                            LAT/LON1/LON2/DLON/H
  381  417  448  471  487  498  509  524  540  551  553  541  519  489  459  431
  406  385  366  350  338  328  320  312  303  296  293  292  290  280  263  243
  229  227  231  234  231  224  221  224  230  234  230  222  211  197  181  166
  156  154  153  146  132  118  113  124  144  164  176  180  185  194  206  217
  220  218  219  229  249  278  311  345  381
    20.0-180.0 180.0   5.0 450.0                            LAT/LON1/LON2/DLON/H
  381  420  454  480  497  508  520  536  554  570  578  575  560  536  508  479
  450  423  398  375  354  335  317  300  284  271  264  261  257  246  228  207
  195  194  199  200  194  183  180  186  197  206  206  200  189  176  161  147
  138  136  137  133  121  107  103  114  136  159  174  181  186  192  201  208
  211  211  215  226  247  275  307  343  381
    17.5-180.0 180.0   5.0 450.0                            LAT/LON1/LON2/DLON/H
  386  423  456  481  497  508  520  536  556  576  591  597  591  576  554  526
  496  465  435  407  379  351  321  292  265  245  232  226  221  210  192  175
  166  169  175  175  165  151  145  153  168  181  184  180  170  158  143  128
  119  117  119  116  107   95   92  105  129  155  174  184  189  193  198  202
  206  209  217  233  256  284  315  349  386
    15.0-180.0 180.0   5.0 450.0                            LAT/LON1/LON2/DLON/H
  398  430  458  479  493  502  512  527  548  570  591  605  609  604  588  566
  538  508  476  445  411  373  332  289  251  221  203  194  188  179  166  153
  150  156  165  165  152  134  126  133  150  164  169  166  157  145  129  113
  102   99  100   99   92   83   82   96  122  151  174  187  193  195  198  201
  205  213  227  248  275  305  335  366  398
    12.5-180.0 180.0   5.0 450.0                            LAT/LON1/LON2/DLON/H
  418  443  464  480  490  497  504  515  533  556  580  600  612  615  608  593
  571  544  515  483  446  400  347  292  242  205  182  171  166  161  153  147
  149  159  170  170  156  136  125  130  145  159  164  161  152  139  122  104
   90   85   85   84   78   71   72   88  115  147  173  189  197  199  200  203
  210  222  242  270  302  334  364  392  418
    10.0-180.0 180.0   5.0 450.0                            LAT/LON1/LON2/DLON/H
  447  465  481  491  497  499  501  508  521  540  563  585  601  611  612  605
  590  570  546  516  478  427  365  300  241  198  173  163  161  160  158  157
  162  174  186  187  173  153  140  142  154  165  168  163  153  139  120  100
   83   75   74   72   67   62   65   80  108  141  169  189  200  204  206  210
  219  235  260  293  329  365  397  424  447
     7.5-180.0 180.0   5.0 450.0                            LAT/LON1/LON2/DLON/H
  480  497  509  516  518  516  512  511  517  530  548  566  582  594  600  600
  593  580  562  537  500  448  381  309  246  201  177  170  172  175  177  178
  183  195  207  209  198  180  167  166  173  179  178  170  157  142  121   99
   81   71   67   65   61   56   59   74  101  133  163  186  200  208  213  219
  231  250  278  313  354  394  429  458  480
     5.0-180.0 180.0   5.0 450.0                            LAT/LON1/LON2/DLON/H
  514  534  547  554  555  549  539  531  528  532  541  552  563  572  580  583
  581  574  562  543  510  458  391  318  256  213  193  189  195  200  202  202
  204  212  222  227  221  208  196  192  193  193  187  175  161  144  122   99
   80   69   65   62   58   53   56   69   93  123  153  179  198  211  220  230
  244  264  292  328  370  414  454  488  514
     2.5-180.0 180.0   5.0 450.0                            LAT/LON1/LON2/DLON/H
  545  572  591  601  602  594  580  565  554  549  548  549  550  553  557  560
  560  555  547  533  505  458  394  325  266  229  214  215  222  227  226  220
  216  217  226  233  234  227  219  212  208  201  190  176  160  141  120   97
   79   69   65   62   58   53   54   64   84  112  141  169  192  211  226  241
  256  276  303  337  378  423  468  510  545
