public/data/global.ionex
     1.0            IONOSPHERE MAPS     GNSS                IONEX VERSION / TYPE
IONINX V5.5         AIUB                26-JUN-26 08:18     PGM / RUN BY / DATE 
CODE'S 1-DAY PREDICTED IONOSPHERE MAPS FOR DAY 177, 2026    COMMENT             
Global ionosphere maps (GIM) are generated on a daily basis DESCRIPTION         
at CODE using data from about 120 GNSS sites of the IGS and DESCRIPTION         
other institutions. The vertical total electron content     DESCRIPTION         
(VTEC) is modeled in a solar-geomagnetic reference frame    DESCRIPTION         
using a spherical harmonics expansion up to degree and      DESCRIPTION         
order 15. Piece-wise linear functions are used for          DESCRIPTION         
representation in the time domain. The time spacing of      DESCRIPTION         
their vertices is 1 hour, conforming with the epochs of the DESCRIPTION         
VTEC maps.                                                  DESCRIPTION         
To convert line-of-sight TEC into vertical TEC, a modified  DESCRIPTION         
single-layer model mapping function approximating the JPL   DESCRIPTION         
extended slab model mapping function is adopted. The        DESCRIPTION         
mapping function is evaluated at geodetic satellite         DESCRIPTION         
elevation angles. For the computation of the ionospheric    DESCRIPTION         
pierce points, a spherical layer with a radius of 6821 km   DESCRIPTION         
is assumed, implying geocentric, not geodetic IONEX         DESCRIPTION         
latitudes.                                                  DESCRIPTION         
Instrumental biases with respect to each involved GNSS code DESCRIPTION         
observable are estimated as constant values for each        DESCRIPTION         
day. They are modeled with one set of bias parameters for   DESCRIPTION         
each satellite and each station in case of GPS and for each DESCRIPTION         
satellite-station link in case of GLONASS. The code bias    DESCRIPTION         
datum is defined by zero-mean conditions imposed on the     DESCRIPTION         
satellite bias estimates. In this file, just GPS C1W-C2W    DESCRIPTION         
satellite and station bias values are included. The         DESCRIPTION         
complete set of GNSS code bias results is provided in an    DESCRIPTION         
additional Bias-SINEX file as pseudo-absolute values        DESCRIPTION         
specific to each observable.                                DESCRIPTION         
Contact address: code(at)aiub.unibe.ch                      DESCRIPTION         
Data archive:    ftp.aiub.unibe.ch/CODE/                    DESCRIPTION         
                 www.aiub.unibe.ch/download/CODE/           DESCRIPTION         
  2026     6    26     0     0     0                        EPOCH OF FIRST MAP  
  2026     6    27     0     0     0                        EPOCH OF LAST MAP   
  3600                                                      INTERVAL            
    25                                                      # OF MAPS IN FILE   
  NONE                                                      MAPPING FUNCTION    
    10.0                                                    ELEVATION CUTOFF    
One-way carrier phase leveled to code                       OBSERVABLES USED    
  6371.0                                                    BASE RADIUS         
     2                                                      MAP DIMENSION       
   450.0 450.0   0.0                                        HGT1 / HGT2 / DHGT  
    87.5 -87.5  -2.5                                        LAT1 / LAT2 / DLAT  
  -180.0 180.0   5.0                                        LON1 / LON2 / DLON  
    -1                                                      EXPONENT            
TEC/RMS values in 0.1 TECU; 9999, if no value available     COMMENT             
                                                            END OF HEADER       
[from data line 10296]
    25                                                      START OF TEC MAP    
  2026     6    27     0     0     0                        EPOCH OF CURRENT MAP
    87.5-180.0 180.0   5.0 450.0                            LAT/LON1/LON2/DLON/H
  156  156  157  157  157  157  157  157  157  157  157  157  157  156  156  156
  155  154  154  153  152  152  151  150  149  148  147  146  145  144  143  143
  142  141  141  140  140  139  139  139  139  139  139  140  140  140  141  142
  142  143  144  144  145  146  147  147  148  149  150  150  151  151  152  152
  153  153  154  154  155  155  155  156  156
    85.0-180.0 180.0   5.0 450.0                            LAT/LON1/LON2/DLON/H
  162  163  163  164  164  165  165  166  166  166  166  166  166  166  165  165
  164  163  162  161  159  158  156  155  153  151  149  147  145  143  141  139
  137  136  134  133  133  132  132  131  132  132  133  134  135  136  137  139
  140  142  144  145  147  149  150  152  153  154  155  156  157  157  158  158
  159  159  160  160  160  161  161  162  162
    82.5-180.0 180.0   5.0 450.0                            LAT/LON1/LON2/DLON/H
  166  167  168  169  170  171  172  173  174  174  175  175  175  175  175  174
  173  172  171  170  168  166  164  161  158  156  153  150  146  143  140  138
  135  133  131  129  128  128  127  127  128  129  130  131  133  136  138  141
  143  146  149  152  154  157  159  161  162  163  164  165  165  165  165  165
  165  164  164  164  164  164  165  165  166
    80.0-180.0 180.0   5.0 450.0                            LAT/LON1/LON2/DLON/H
  167  169  170  172  173  175  177  178  180  181  181  182  182  182  182  181
  181  180  179  177  176  174  171  168  165  161  158  154  150  146  142  138
  135  133  131  129  128  127  127  127  128  130  132  134  137  140  143  147
  150  154  158  162  165  168  171  173  175  175  176  176  175  174  173  171
  170  169  167  166  166  166  166  166  167
    77.5-180.0 180.0   5.0 450.0                            LAT/LON1/LON2/DLON/H
  168  170  172  174  176  178  181  183  185  186  187  187  187  187  187  186
  186  185  184  183  182  180  177  174  171  167  162  158  153  148  144  140
  137  135  133  131  131  131  131  132  133  135  137  140  144  147  151  156
  160  165  170  174  178  182  185  187  188  189  188  187  185  183  180  178
  175  172  170  168  167  167  167  167  168
    75.0-180.0 180.0   5.0 450.0                            LAT/LON1/LON2/DLON/H
  170  172  174  176  179  182  185  187  189  191  192  192  191  191  190  189
  188  188  187  187  186  184  182  179  175  170  165  160  155  150  146  143
  140  138  137  136  136  137  138  139  141  143  146  149  152  157  161  166
  171  176  181  186  191  194  197  200  201  201  200  198  195  192  188  184
  180  177  174  172  170  169  169  169  170
    72.5-180.0 180.0   5.0 450.0                            LAT/LON1/LON2/DLON/H
  176  177  178  180  183  186  189  192  194  196  197  196  195  194  192  191
  190  189  189  188  188  186  184  181  176  171  166  161  155  151  147  144
  143  142  142  142  143  144  146  148  150  152  155  158  161  165  170  175
  180  185  191  196  200  204  207  209  210  210  209  206  203  199  195  191
  187  183  180  178  176  175  175  175  176
    70.0-180.0 180.0   5.0 450.0                            LAT/LON1/LON2/DLON/H
  185  185  185  186  188  191  194  197  200  201  202  201  199  197  194  192
  191  190  189  189  189  187  185  181  176  171  165  160  155  151  148  146
  146  146  147  148  150  151  153  155  157  159  162  164  168  171  176  181
  186  191  196  201  206  209  212  214  215  215  214  212  209  206  202  198
  195  192  190  188  187  187  186  186  185
    67.5-180.0 180.0   5.0 450.0                            LAT/LON1/LON2/DLON/H
  199  196  195  194  194  196  198  202  205  207  208  207  204  201  198  195
  193  192  191  191  190  188  185  181  175  169  163  158  154  151  149  149
  149  150  152  153  155  157  158  160  162  163  165  167  170  174  178  182
  187  192  197  202  206  209  211  213  215  216  216  215  214  212  209  207
  205  203  202  202  202  202  202  200  199
    65.0-180.0 180.0   5.0 450.0                            LAT/LON1/LON2/DLON/H
  214  210  206  202  200  200  202  206  209  212  213  212  210  207  203  199
  197  195  194  194  192  190  186  181  175  169  163  158  155  153  153  153
  154  156  157  158  159  160  161  162  162  163  165  166  169  172  176  180
  185  189  194  198  201  203  206  208  210  212  214  216  216  216  216  215
  215  215  216  218  219  220  220  218  214
    62.5-180.0 180.0   5.0 450.0                            LAT/LON1/LON2/DLON/H
  231  224  217  211  207  205  206  208  212  215  217  217  215  212  209  205
  203  201  200  199  197  194  189  183  177  171  165  161  159  158  159  160
  161  162  162  162  162  161  161  160  160  160  161  162  164  166  170  174
  178  183  186  190  192  194  197  199  202  206  210  214  217  220  222  223
  224  226  229  232  235  237  237  235  231
    60.0-180.0 180.0   5.0 450.0                            LAT/LON1/LON2/DLON/H
  244  237  229  220  214  210  209  211  214  217  219  220  219  217  214  212
  210  208  207  206  203  200  195  189  183  177  172  169  167  167  168  169
  170  169  168  166  163  161  159  157  156  155  155  155  157  159  162  165
  169  174  177  180  182  184  186  189  193  199  205  212  217  222  226  229
  232  235  239  243  247  250  251  249  244
    57.5-180.0 180.0   5.0 450.0                            LAT/LON1/LON2/DLON/H
  253  247  238  229  222  216  214  214  216  218  220  221  221  221  219  218
  217  216  215  214  212  208  204  199  193  188  184  181  179  179  180  180
  179  177  173  169  164  160  156  153  151  150  149  149  149  150  153  156
  160  164  168  171  173  175  177  181  186  193  201  210  217  224  228  232
  235  239  243  248  253  257  259  258  253
    55.0-180.0 180.0   5.0 450.0                            LAT/LON1/LON2/DLON/H
  257  253  246  238  231  225  221  219  219  219  220  221  222  223  224  224
  224  224  224  223  221  219  216  212  208  203  199  196  194  192  192  190
  188  184  178  172  166  160  155  151  148  146  144  143  143  143  144  147
  151  155  159  163  166  169  172  177  183  191  200  209  218  224  229  233
  236  239  243  248  252  256  259  260  257
    52.5-180.0 180.0   5.0 450.0                            LAT/LON1/LON2/DLON/H
  257  256  253  248  242  236  231  227  224  222  222  222  223  225  227  229
  231  232  232  232  231  231  229  227  224  220  216  212  208  205  202  199
  195  190  183  175  168  161  155  151  147  145  143  141  139  137  138  140
  143  148  154  160  164  169  173  178  185  193  202  211  219  225  230  232
  235  237  240  243  247  251  254  256  257
    50.0-180.0 180.0   5.0 450.0                            LAT/LON1/LON2/DLON/H
  254  257  258  258  255  250  245  239  233  229  226  224  225  227  230  234
  237  239  241  241  242  243  244  244  242  238  233  227  221  215  211  206
  201  194  188  180  172  165  159  154  150  147  144  141  138  135  134  135
  139  145  152  160  167  174  180  186  193  201  209  217  223  228  230  232
  233  235  236  238  241  243  246  250  254
    47.5-180.0 180.0   5.0 450.0                            LAT/LON1/LON2/DLON/H
  252  258  264  268  268  265  260  253  245  238  233  230  230  232  235  239
  243  246  249  251  253  255  258  259  259  255  249  240  231  224  217  211
  205  200  194  187  180  173  166  161  157  153  150  145  140  136  133  134
  138  145  154  165  175  184  192  199  206  213  220  226  230  232  233  233
  234  235  236  237  237  238  241  245  252
    45.0-180.0 180.0   5.0 450.0                            LAT/LON1/LON2/DLON/H
  253  262  271  278  281  281  276  269  260  251  244  240  238  239  242  246
  251  255  259  261  264  267  271  274  274  270  262  251  240  231  223  216
  211  207  202  197  191  185  178  172  167  163  159  153  147  141  137  136
  140  148  160  173  186  198  208  216  223  229  234  237  239  239  238  238
  238  240  241  241  241  240  241  246  253
    42.5-180.0 180.0   5.0 450.0                            LAT/LON1/LON2/DLON/H
  261  270  280  289  294  295  292  285  276  267  259  254  251  251  253  256
  261  266  270  274  276  279  283  286  286  282  273  261  249  239  230  224
  220  217  215  212  207  201  194  187  182  177  171  165  157  149  144  142
  146  155  168  183  199  213  224  233  240  245  249  251  250  249  247  246
  247  250  253  254  253  251  251  254  261
    40.0-180.0 180.0   5.0 450.0                            LAT/LON1/LON2/DLON/H
  276  284  293  301  306  308  306  301  294  285  277  272  268  266  267  269
  274  279  285  288  290  292  295  297  297  292  283  272  260  249  242  236
  233  232  231  230  226  220  213  206  199  193  187  179  170  161  154  151
  155  163  177  193  209  224  237  247  254  260  263  264  263  261  258  258
  261  265  270  273  273  271  269  270  276
    37.5-180.0 180.0   5.0 450.0                            LAT/LON1/LON2/DLON/H
  298  304  311  316  320  322  321  318  312  305  299  293  289  286  284  285
  290  296  302  305  306  306  306  307  307  303  294  284  273  264  257  252
  250  250  250  250  247  241  233  225  218  212  204  196  185  174  166  162
  164  172  184  200  216  231  244  255  263  269  274  276  275  273  272  272
  277  283  291  296  298  296  295  295  298
    35.0-180.0 180.0   5.0 450.0                            LAT/LON1/LON2/DLON/H
  326  329  333  335  336  337  338  337  333  328  323  318  313  308  305  304
  308  315  322  325  324  321  318  318  317  313  307  298  289  281  275  270
  267  267  268  269  266  261  252  244  236  229  222  212  200  188  178  173
  173  179  189  202  216  230  243  254  264  272  279  283  285  285  284  286
  292  301  311  319  324  324  324  324  326
    32.5-180.0 180.0   5.0 450.0                            LAT/LON1/LON2/DLON/H
  356  358  358  358  357  357  359  360  359  355  351  346  340  334  328  326
  329  337  344  346  342  336  332  329  328  325  320  313  306  298  291  285
  282  281  282  282  280  275  267  258  251  244  235  225  213  200  189  182
  180  183  189  198  209  221  233  246  257  269  279  287  291  293  295  299
  305  315  327  338  346  350  352  353  356
    30.0-180.0 180.0   5.0 450.0                            LAT/LON1/LON2/DLON/H
  383  386  386  384  382  383  386  389  389  387  382  377  371  363  355  350
  353  359  366  367  361  353  346  341  339  336  332  326  319  311  302  294
  287  285  286  286  285  280  273  265  258  251  243  233  221  207  196  187
  183  182  184  189  196  206  217  230  245  259  273  285  293  299  302  307
  314  325  338  351  362  370  375  379  383
    27.5-180.0 180.0   5.0 450.0                            LAT/LON1/LON2/DLON/H
  406  411  413  412  412  414  419  424  425  423  418  412  404  394  384  377
  377  383  388  387  380  369  359  353  349  345  339  332  324  313  302  290
  282  278  278  279  278  274  268  261  255  250  243  233  222  208  196  187
  180  176  175  175  178  185  196  211  228  247  264  280  291  300  306  312
  319  329  343  357  371  382  391  399  406
    25.0-180.0 180.0   5.0 450.0                            LAT/LON1/LON2/DLON/H
  421  430  436  438  441  447  455  462  465  462  456  448  439  427  415  406
  403  406  408  405  396  383  371  363  355  348  339  329  317  303  288  274
  263  258  258  259  259  256  251  247  242  238  232  224  214  202  190  180
  172  166  161  157  157  163  175  192  212  234  254  272  287  297  306  313
  320  330  343  359  374  388  399  410  421
    22.5-180.0 180.0   5.0 450.0                            LAT/LON1/LON2/DLON/H
  429  442  452  459  467  477  489  499  503  500  493  484  473  461  447  435
  429  428  426  420  408  394  380  368  356  343  329  314  298  281  262  245
  233  228  229  231  232  229  226  222  219  216  212  207  199  189  178  168
  159  152  144  138  136  142  155  175  199  223  246  266  282  294  304  313
  320  330  343  359  375  389  402  415  429
    20.0-180.0 180.0   5.0 450.0                            LAT/LON1/LON2/DLON/H
  431  447  461  473  485  500  516  529  535  532  525  515  504  492  477  464
  454  447  441  431  417  400  383  366  348  329  308  288  268  248  227  209
  198  194  196  199  200  198  195  191  189  187  186  183  178  170  161  152
  143  135  127  120  118  124  140  164  191  218  242  262  279  292  304  313
  322  332  345  360  376  390  403  416  431
    17.5-180.0 180.0   5.0 450.0                            LAT/LON1/LON2/DLON/H
  431  447  464  479  494  513  532  548  556  555  548  539  529  517  503  488
  475  464  452  437  420  400  379  357  332  306  279  255  233  211  190  174
  164  163  167  170  171  168  164  160  158  157  157  157  154  149  141  133
  126  118  110  103  102  111  130  158  189  219  244  263  280  294  306  317
  326  337  351  367  383  396  406  417  431
    15.0-180.0 180.0   5.0 450.0                            LAT/LON1/LON2/DLON/H
  433  447  463  478  495  515  536  553  563  564  559  552  543  533  520  506
  491  475  458  439  418  394  369  340  309  277  246  220  198  177  159  145
  139  140  146  150  149  145  139  134  131  130  130  132  131  128  122  115
  109  103   96   90   91  102  126  157  192  224  250  269  285  299  313  324
  335  348  363  380  396  407  414  422  433
    12.5-180.0 180.0   5.0 450.0                            LAT/LON1/LON2/DLON/H
  441  451  464  476  491  509  528  546  556  560  558  553  546  538  528  515
  500  481  459  436  411  383  353  319  282  246  215  190  170  154  140  130
  127  130  137  141  139  133  124  117  112  109  110  112  112  110  104   99
   94   89   84   80   83   97  124  160  197  231  258  279  295  310  323  336
  348  362  379  398  415  425  430  434  441
    10.0-180.0 180.0   5.0 450.0                            LAT/LON1/LON2/DLON/H
  456  463  470  478  488  501  517  531  541  545  546  543  538  533  525  515
  500  480  455  428  400  368  334  295  255  219  190  169  155  144  135  129
  129  134  141  144  141  132  121  111  103   99   98   99  100   97   91   85
   81   78   74   72   77   93  123  161  202  238  267  289  307  323  337  350
  363  379  398  419  437  448  451  453  456
     7.5-180.0 180.0   5.0 450.0                            LAT/LON1/LON2/DLON/H
  479  482  486  488  492  499  507  516  523  527  528  527  523  519  514  506
  492  473  447  418  386  352  313  272  233  200  176  162  155  150  145  141
  142  148  154  156  151  140  127  114  104   97   94   94   93   89   82   76
   72   69   66   65   71   89  120  160  202  241  273  298  318  336  351  364
  377  393  414  437  458  470  476  477  479
     5.0-180.0 180.0   5.0 450.0                            LAT/LON1/LON2/DLON/H
  506  509  509  508  507  507  507  508  510  511  512  510  507  502  498  491
  480  462  436  406  373  336  296  255  218  191  175  168  167  166  164  161
  161  165  169  170  164  152  138  123  110  101   96   94   91   85   77   69
   64   61   59   59   65   83  113  154  197  238  272  301  325  345  361  375
  387  403  425  450  472  489  498  503  506
     2.5-180.0 180.0   5.0 450.0                            LAT/LON1/LON2/DLON/H
  531  536  538  536  532  526  520  512  507  504  503  500  494  488  482  476
  466  449  425  395  361  323  282  244  213  193  184  184  186  187  185  180
  178  178  180  180  174  162  147  131  117  107  100   96   91   83   74   65
   59   55   52   52   57   74  103  142  185  227  265  298  325  348  365  378
  390  406  427  452  478  498  512  523  531
