public/data/global.ionex
     1.0            IONOSPHERE MAPS     GNSS                IONEX VERSION / TYPE
ADDNEQ2 V5.5        AIUB                02-JUL-26 07:10     PGM / RUN BY / DATE 
CODE'S GLOBAL IONOSPHERE MAPS FOR DAY 178, 2026             COMMENT             
Global ionosphere maps (GIM) are generated on a daily basis DESCRIPTION         
at CODE using data from about 300 GNSS sites of the IGS and DESCRIPTION         
other institutions. The vertical total electron content     DESCRIPTION         
(VTEC) is modeled in a solar-geomagnetic reference frame    DESCRIPTION         
using a spherical harmonics expansion up to degree and      DESCRIPTION         
order 15. Piece-wise linear functions are used for          DESCRIPTION         
representation in the time domain. The time spacing of      DESCRIPTION         
their vertices is 1 hour, conforming with the epochs of the DESCRIPTION         
VTEC maps.                                                  DESCRIPTION         
To convert line-of-sight TEC into vertical TEC, a modified  DESCRIPTION         
single-layer model mapping function approximating the JPL   DESCRIPTION         
extended slab model mapping function is adopted. The        DESCRIPTION         
mapping function is evaluated at geodetic satellite         DESCRIPTION         
elevation angles. For the computation of the ionospheric    DESCRIPTION         
pierce points, a spherical layer with a radius of 6821 km   DESCRIPTION         
is assumed, implying geocentric, not geodetic IONEX         DESCRIPTION         
latitudes.                                                  DESCRIPTION         
Instrumental biases with respect to each involved GNSS code DESCRIPTION         
observable are estimated as constant values for each        DESCRIPTION         
day. They are modeled with one set of bias parameters for   DESCRIPTION         
each satellite and each station in case of GPS and for each DESCRIPTION         
satellite-station link in case of GLONASS. The code bias    DESCRIPTION         
datum is defined by zero-mean conditions imposed on the     DESCRIPTION         
satellite bias estimates. In this file, just GPS C1W-C2W    DESCRIPTION         
satellite and station bias values are included. The         DESCRIPTION         
complete set of GNSS code bias results is provided in an    DESCRIPTION         
additional Bias-SINEX file as pseudo-absolute values        DESCRIPTION         
specific to each observable.                                DESCRIPTION         
Note: These GIM results correspond to the results for the   DESCRIPTION         
middle day of a 3-day combination analysis solving for 73   DESCRIPTION         
times 256, or 18688 VTEC parameters and 3 daily sets of     DESCRIPTION         
GNSS code bias parameters.                                  DESCRIPTION         
Contact address: code(at)aiub.unibe.ch                      DESCRIPTION         
Data archive:    ftp.aiub.unibe.ch/CODE/                    DESCRIPTION         
                 www.aiub.unibe.ch/download/CODE/           DESCRIPTION         
  2026     6    27     0     0     0                        EPOCH OF FIRST MAP  
  2026     6    28     0     0     0                        EPOCH OF LAST MAP   
  3600                                                      INTERVAL            
[...]
badg bake bako barh bjfs bndy boav bogo bogt bor1 braz brft COMMENT             
brst brux bshm cags cas1 ccj2 cedu chpg chpi chti chur ckis COMMENT             
cmum coco cord cpvg cpxf cro1 daej darw dav1 dgar dhlg djig COMMENT             
drao dubi dubo ebre faa1 fair flin flrs frdn gamb ganp glps COMMENT             
glsv gode gol2 gold gope gras graz guam guug harb hers hert COMMENT             
hlfx hnpt hob2 hofn holb holm hrao iddr ieng iisc impz ineg COMMENT             
iqal irkj ispa jdpr jog2 joz2 joze karr kerg kir0 kiri kiru COMMENT             
kit3 kokb kokv kouc koug kour krgg lama laut lck4 lmmf lpal COMMENT             
lpgs m0se mac1 madr mal2 mas1 mat1 mate maui maw1 mcil mcm4 COMMENT             
mdo1 medi mgue mizu mkea mnls mobs monp morp mqzg mro1 mtka COMMENT             
nano naur nico nist nium nklg nlib nnor not1 nrc1 nrmd nya1 COMMENT             
nyal onsa ous2 park pdel penc pert pie1 pimo pohn pol2 pots COMMENT             
pove ptag ptbb ptvl qaq1 quin rbay reso reun reyk rgdg rio2 COMMENT             
roth salu samo sant sch2 scor scrz sctb seyg sfer sofi spt0 COMMENT             
ssia sthl stjo stk2 str2 suth sutm suwn sydn syog tash thtg COMMENT             
thti thu2 tid1 tidb tlse tn22 tow2 tro1 tskb tuva twtf txes COMMENT             
uclu ulab unb3 unbj unsa urum usn7 usud vald vill vtsp wab2 COMMENT             
wark wgtn whit will wind wsrt wtza wtzl wtzr wtzs wtzz xmis COMMENT             
yar2 yar3 yarr yell ykro zamb zeck zim2 zim3 zimm           COMMENT             
                                                            END OF HEADER       
[from data line 5148]
    13                                                      START OF TEC MAP    
  2026     6    27    12     0     0                        EPOCH OF CURRENT MAP
    87.5-180.0 180.0   5.0 450.0                            LAT/LON1/LON2/DLON/H
  189  188  187  187  186  185  184  183  182  181  181  180  179  179  178  178
  178  177  177  177  177  177  177  177  177  177  177  177  177  177  177  177
  176  176  176  176  176  176  176  176  176  176  176  177  177  178  179  179
  180  181  182  183  184  185  186  187  188  189  190  190  191  192  192  192
  192  192  192  192  192  191  191  190  189
    85.0-180.0 180.0   5.0 450.0                            LAT/LON1/LON2/DLON/H
  195  193  190  188  186  183  181  179  177  175  173  172  171  170  170  170
  170  170  171  171  172  173  174  175  176  177  177  177  178  177  177  177
  176  175  174  173  173  172  171  170  170  170  170  170  171  172  173  175
  177  179  181  184  186  189  192  194  196  199  201  202  204  205  206  206
  206  206  205  204  203  201  199  197  195
    82.5-180.0 180.0   5.0 450.0                            LAT/LON1/LON2/DLON/H
  197  194  190  186  182  178  174  170  167  164  162  160  158  157  157  158
  159  160  162  164  167  169  172  175  177  179  180  181  182  182  182  181
  179  178  176  174  172  170  168  167  166  165  165  166  167  168  170  173
  176  180  183  187  192  196  200  204  208  211  214  217  218  219  220  220
  219  218  216  213  211  208  205  201  197
    80.0-180.0 180.0   5.0 450.0                            LAT/LON1/LON2/DLON/H
  194  189  185  180  175  170  165  161  156  152  149  147  145  144  144  145
  147  150  153  157  161  166  170  174  178  181  184  186  187  187  187  186
  184  182  179  177  174  171  169  167  165  165  165  165  167  169  172  176
  180  185  190  195  201  206  212  217  221  225  228  231  232  232  231  230
  227  224  221  217  212  208  203  199  194
    77.5-180.0 180.0   5.0 450.0                            LAT/LON1/LON2/DLON/H
  186  181  177  172  168  163  158  153  148  144  140  137  135  134  134  135
  138  141  146  151  157  162  168  173  178  182  186  188  190  190  190  189
  187  185  182  179  176  173  171  169  168  168  169  171  173  176  180  185
  190  195  200  206  212  218  224  229  234  238  241  242  242  240  237  233
  228  223  217  211  205  200  195  190  186
    75.0-180.0 180.0   5.0 450.0                            LAT/LON1/LON2/DLON/H
  173  170  168  165  162  158  154  149  145  141  137  134  131  130  130  131
  134  138  142  148  154  160  166  172  177  181  184  186  188  188  188  188
  187  185  183  180  178  175  174  173  173  174  176  179  183  188  192  197
  202  206  211  217  222  228  233  239  243  246  248  248  246  242  236  229
  221  213  204  197  190  184  179  176  173
    72.5-180.0 180.0   5.0 450.0                            LAT/LON1/LON2/DLON/H
  159  159  159  159  158  156  153  150  147  143  140  137  135  134  133  134
  136  139  143  148  154  159  165  169  173  176  178  180  181  181  182  182
  182  182  181  180  178  177  176  177  178  181  185  189  194  199  204  208
  211  215  218  222  226  231  236  241  245  248  248  247  243  237  229  219
  208  197  186  177  170  164  161  159  159
    70.0-180.0 180.0   5.0 450.0                            LAT/LON1/LON2/DLON/H
  147  150  153  156  157  157  155  154  152  149  147  145  144  143  142  141
  142  144  147  150  155  159  163  167  169  170  170  170  170  171  172  173
  175  177  178  178  178  178  178  180  182  186  191  197  202  207  211  213
  215  216  217  219  222  225  230  235  239  241  242  240  235  227  217  205
  192  179  167  157  150  145  144  145  147
    67.5-180.0 180.0   5.0 450.0                            LAT/LON1/LON2/DLON/H
  140  145  150  154  156  157  157  156  155  155  154  154  153  153  151  150
  150  150  151  154  157  160  162  164  164  163  162  160  159  159  161  164
  168  171  174  176  178  178  179  181  185  189  195  201  206  209  211  211
  209  207  206  206  207  211  215  220  225  229  230  228  223  215  204  192
  179  166  153  143  136  133  133  135  140
    65.0-180.0 180.0   5.0 450.0                            LAT/LON1/LON2/DLON/H
  139  145  150  153  155  155  155  154  155  156  157  159  160  159  158  157
  155  154  154  155  157  160  161  162  160  158  154  151  150  150  153  157
  163  169  173  177  179  180  181  182  186  190  195  200  204  205  204  201
  196  191  188  186  187  191  196  203  209  213  215  214  210  203  195  184
  172  160  149  140  133  130  130  134  139
    62.5-180.0 180.0   5.0 450.0                            LAT/LON1/LON2/DLON/H
  143  147  151  152  151  149  147  146  147  150  153  156  159  160  159  158
  156  154  153  154  156  158  159  159  158  154  150  147  145  146  149  155
  162  169  175  179  181  182  183  184  187  190  194  198  199  197  193  186
  179  172  168  166  167  172  178  186  193  199  202  202  200  195  190  182
  174  166  157  148  141  137  137  139  143
    60.0-180.0 180.0   5.0 450.0                            LAT/LON1/LON2/DLON/H
  149  151  151  149  144  139  135  132  133  136  141  146  150  153  153  152
  151  150  149  150  152  155  157  158  156  153  150  147  146  148  152  159
  167  174  180  184  186  186  186  187  189  192  194  196  194  190  182  174
  165  158  153  152  154  160  168  176  184  190  193  194  194  192  190  188
  185  180  174  166  159  153  149  148  149
    57.5-180.0 180.0   5.0 450.0                            LAT/LON1/LON2/DLON/H
  155  153  149  143  135  127  119  116  116  119  125  131  136  139  141  142
  142  142  143  145  148  151  154  156  156  154  153  152  152  155  161  167
  175  182  187  190  192  192  191  192  194  196  198  197  193  186  177  168
  159  153  150  150  154  160  168  176  183  189  191  192  193  193  195  198
  200  200  196  189  180  170  163  158  155
    55.0-180.0 180.0   5.0 450.0                            LAT/LON1/LON2/DLON/H
  158  152  146  137  126  115  105  100  100  103  108  114  119  123  126  130
  132  135  138  141  144  148  152  155  156  157  158  159  163  167  173  179
  185  190  194  196  197  197  198  199  202  204  205  203  198  190  181  173
  166  162  160  162  166  172  179  186  191  195  196  196  196  199  203  210
  217  220  218  210  198  185  173  164  158
    52.5-180.0 180.0   5.0 450.0                            LAT/LON1/LON2/DLON/H
  155  148  140  130  118  106   96   91   89   92   96  100  104  108  112  118
  124  130  135  139  143  147  151  155  157  160  164  169  175  181  187  191
  195  197  200  201  203  204  205  208  212  215  216  214  208  201  193  188
  184  182  182  184  187  191  196  201  204  206  205  204  203  206  212  221
  230  235  233  224  209  192  176  164  155
    50.0-180.0 180.0   5.0 450.0                            LAT/LON1/LON2/DLON/H
  147  140  134  125  114  103   94   89   88   89   91   92   94   97  102  110
  120  129  137  142  146  149  153  156  159  164  170  179  187  195  200  203
  203  203  204  206  208  210  214  219  224  228  230  227  222  216  212  209
  209  209  210  211  211  213  215  217  219  219  217  214  213  214  219  228
  237  241  239  228  210  190  171  157  147
    47.5-180.0 180.0   5.0 450.0                            LAT/LON1/LON2/DLON/H
  136  131  127  122  114  106   99   95   95   95   95   93   91   91   97  107
  120  133  142  148  152  155  157  159  163  168  177  188  199  208  212  212
  210  209  210  212  215  219  224  230  237  242  244  242  238  234  232  233
  235  237  236  234  231  229  229  230  231  231  229  226  223  222  225  231
  238  240  235  221  201  179  159  145  136
    45.0-180.0 180.0   5.0 450.0                            LAT/LON1/LON2/DLON/H
  125  123  123  121  118  113  109  107  107  107  105   99   94   92   97  108
  124  139  150  158  161  163  165  166  169  174  184  196  209  218  221  220
  216  215  217  222  227  232  237  244  252  257  259  256  253  250  252  255
  258  257  254  248  242  238  236  237  239  241  240  238  234  231  231  233
  235  233  225  209  188  165  145  132  125
    42.5-180.0 180.0   5.0 450.0                            LAT/LON1/LON2/DLON/H
  120  120  122  123  123  121  119  120  121  122  118  110  101   96  100  112
  129  146  159  168  172  174  175  176  178  183  192  205  218  227  229  227
  224  225  230  237  245  250  256  262  269  274  274  271  267  266  268  272
  273  269  261  252  244  240  241  244  248  251  252  250  246  241  237  234
  231  226  214  197  176  154  136  125  120
    40.0-180.0 180.0   5.0 450.0                            LAT/LON1/LON2/DLON/H
  122  122  125  127  128  128  128  130  132  133  130  121  110  103  105  117
  134  152  168  178  184  187  188  188  189  193  202  214  227  235  236  234
  234  239  249  261  270  275  279  284  290  294  293  289  284  282  284  286
  283  275  263  252  246  245  249  255  261  266  267  264  259  252  245  238
  231  222  209  192  172  152  136  126  122
    37.5-180.0 180.0   5.0 450.0                            LAT/LON1/LON2/DLON/H
  133  131  131  133  133  132  132  134  138  140  138  130  119  111  111  121
  138  157  174  187  195  200  202  203  203  206  214  225  236  243  244  244
  247  258  275  292  302  307  309  312  317  320  319  313  307  304  303  301
  294  281  266  257  255  261  271  280  286  288  287  281  273  264  255  246
  236  226  212  197  180  163  149  138  133
    35.0-180.0 180.0   5.0 450.0                            LAT/LON1/LON2/DLON/H
  152  146  142  140  137  134  132  133  137  141  142  137  127  119  118  126
  142  161  180  196  208  215  218  219  219  221  226  236  246  252  254  256
  265  282  306  327  338  341  341  344  350  354  353  346  339  335  331  325
  312  295  281  277  284  299  314  324  326  322  313  301  289  277  266  256
  247  237  225  213  199  185  172  161  152
    32.5-180.0 180.0   5.0 450.0                            LAT/LON1/LON2/DLON/H
  176  165  156  149  142  135  130  128  132  139  143  141  134  127  126  132
  146  166  186  206  221  230  234  234  233  234  239  247  256  262  265  271
  285  309  338  362  373  374  374  378  386  394  394  389  382  377  371  360
  344  326  316  320  337  361  380  388  382  366  345  323  303  288  276  268
  260  253  245  236  226  214  202  189  176
    30.0-180.0 180.0   5.0 450.0                            LAT/LON1/LON2/DLON/H
  201  186  172  160  148  137  129  125  128  135  142  144  141  136  134  139
  151  171  194  217  235  246  249  248  246  246  250  257  266  274  279  287
  306  336  369  394  404  403  403  410  423  436  441  439  434  429  422  409
  391  375  371  385  413  444  464  466  448  416  379  344  315  295  283  277
  273  269  266  261  253  244  231  217  201
    27.5-180.0 180.0   5.0 450.0                            LAT/LON1/LON2/DLON/H
  222  205  189  173  158  143  131  125  126  133  142  147  147  144  142  146
  157  176  201  227  248  260  262  259  255  254  258  266  277  286  294  306
  328  360  395  419  426  424  425  437  457  476  487  489  488  485  479  467
  451  439  443  467  503  537  554  546  513  464  411  361  323  298  285  281
  280  281  281  279  274  265  253  238  222
    25.0-180.0 180.0   5.0 450.0                            LAT/LON1/LON2/DLON/H
  235  219  203  186  170  153  139  130  129  136  144  151  153  151  150  153
  162  181  208  237  259  270  270  265  259  258  263  274  287  300  311  326
  349  382  415  436  441  438  441  457  484  509  525  533  537  539  536  526
  514  509  521  551  590  622  632  613  567  503  435  373  326  296  281  278
  280  284  286  286  282  273  262  249  235
    22.5-180.0 180.0   5.0 450.0                            LAT/LON1/LON2/DLON/H
  238  227  214  198  182  165  150  140  137  141  149  155  157  157  156  157
  165  183  211  241  265  275  273  266  260  259  266  280  297  315  330  347
  371  402  432  449  450  446  450  471  503  532  552  565  574  581  582  577
  571  572  590  622  658  683  684  655  599  527  449  379  325  290  273  269
  272  276  279  279  274  265  256  246  238
    20.0-180.0 180.0   5.0 450.0                            LAT/LON1/LON2/DLON/H
  231  228  219  206  191  175  161  150  146  148  153  157  159  158  157  157
  163  180  207  238  262  273  270  262  257  259  269  286  309  331  351  369
  392  421  447  460  458  452  458  481  513  543  564  580  594  606  613  612
  611  618  638  667  695  709  700  664  606  532  453  380  322  284  264  257
  258  260  262  260  253  244  237  233  231
    17.5-180.0 180.0   5.0 450.0                            LAT/LON1/LON2/DLON/H
  218  222  219  209  195  181  168  158  153  153  155  156  156  155  153  152
  156  170  196  227  251  262  261  256  254  259  272  294  321  349  372  392
  415  441  463  473  469  462  468  490  519  545  563  580  597  613  624  628
  631  641  659  680  695  697  680  644  590  522  449  378  320  280  257  246
  241  240  238  233  225  216  211  213  218
    15.0-180.0 180.0   5.0 450.0                            LAT/LON1/LON2/DLON/H
  203  212  212  204  192  179  169  160  156  154  153  152  149  147  145  143
  144  155  178  207  232  245  249  249  253  262  279  304  335  368  394  415
  437  461  482  491  486  479  484  502  523  541  553  568  586  605  618  625
  630  640  652  663  665  655  635  604  560  505  441  377  321  281  254  238
  228  221  215  207  197  188  185  191  203
    12.5-180.0 180.0   5.0 450.0                            LAT/LON1/LON2/DLON/H
  190  201  202  194  182  171  162  156  152  149  147  143  139  136  134  130
  129  136  156  183  209  225  234  243  254  269  289  316  351  386  414  436
  458  482  503  513  509  503  505  517  530  536  541  551  569  588  602  609
  615  622  628  626  616  600  582  560  530  488  436  379  327  287  257  236
  220  207  198  188  178  168  167  175  190
    10.0-180.0 180.0   5.0 450.0                            LAT/LON1/LON2/DLON/H
  182  190  189  180  168  158  151  146  142  140  137  132  128  125  122  118
  114  118  134  159  185  205  222  239  259  280  303  331  366  402  431  452
  474  500  523  536  535  530  530  536  538  534  530  536  552  571  584  590
  595  598  596  585  567  550  537  527  510  480  436  384  336  296  265  240
  219  202  190  180  170  162  160  169  182
     7.5-180.0 180.0   5.0 450.0                            LAT/LON1/LON2/DLON/H
  180  183  178  166  154  145  138  133  130  128  125  121  117  114  112  107
  102  103  116  139  165  189  213  239  267  293  318  346  380  414  441  461
  483  510  537  554  556  553  552  553  547  535  525  527  542  559  570  575
  577  576  568  552  532  519  516  515  507  481  440  391  344  305  273  247
  223  205  193  185  177  169  167  172  180
     5.0-180.0 180.0   5.0 450.0                            LAT/LON1/LON2/DLON/H
  184  179  168  154  143  135  129  123  119  117  114  111  108  106  104   99
   94   94  105  126  151  179  208  242  277  307  333  360  390  421  444  461
  482  510  540  560  566  565  565  563  554  537  524  524  538  554  563  566
  566  562  551  534  518  513  520  526  518  490  445  393  347  309  279  253
  230  213  203  198  193  187  184  183  184
     2.5-180.0 180.0   5.0 450.0                            LAT/LON1/LON2/DLON/H
  190  178  162  147  137  131  125  118  112  108  106  104  101  100   98   94
   89   89   99  120  146  175  208  247  285  318  344  369  396  420  438  451
  469  497  527  549  557  559  561  561  551  535  522  524  538  552  560  561
  561  556  545  530  522  528  543  550  536  498  443  387  340  304  277  254
  234  220  214  214  213  209  204  198  190
