public/data/global.ionex
     1.0            IONOSPHERE MAPS     GNSS                IONEX VERSION / TYPE
ADDNEQ2 V5.5        AIUB                06-JUL-26 18:59     PGM / RUN BY / DATE 
CODE'S GLOBAL IONOSPHERE MAPS FOR DAY 183, 2026             COMMENT             
Global ionosphere maps (GIM) are generated on a daily basis DESCRIPTION         
at CODE using data from about 300 GNSS sites of the IGS and DESCRIPTION         
other institutions. The vertical total electron content     DESCRIPTION         
(VTEC) is modeled in a solar-geomagnetic reference frame    DESCRIPTION         
using a spherical harmonics expansion up to degree and      DESCRIPTION         
order 15. Piece-wise linear functions are used for          DESCRIPTION         
representation in the time domain. The time spacing of      DESCRIPTION         
their vertices is 1 hour, conforming with the epochs of the DESCRIPTION         
VTEC maps.                                                  DESCRIPTION         
To convert line-of-sight TEC into vertical TEC, a modified  DESCRIPTION         
single-layer model mapping function approximating the JPL   DESCRIPTION         
extended slab model mapping function is adopted. The        DESCRIPTION         
mapping function is evaluated at geodetic satellite         DESCRIPTION         
elevation angles. For the computation of the ionospheric    DESCRIPTION         
pierce points, a spherical layer with a radius of 6821 km   DESCRIPTION         
is assumed, implying geocentric, not geodetic IONEX         DESCRIPTION         
latitudes.                                                  DESCRIPTION         
Instrumental biases with respect to each involved GNSS code DESCRIPTION         
observable are estimated as constant values for each        DESCRIPTION         
day. They are modeled with one set of bias parameters for   DESCRIPTION         
each satellite and each station in case of GPS and for each DESCRIPTION         
satellite-station link in case of GLONASS. The code bias    DESCRIPTION         
datum is defined by zero-mean conditions imposed on the     DESCRIPTION         
satellite bias estimates. In this file, just GPS C1W-C2W    DESCRIPTION         
satellite and station bias values are included. The         DESCRIPTION         
complete set of GNSS code bias results is provided in an    DESCRIPTION         
additional Bias-SINEX file as pseudo-absolute values        DESCRIPTION         
specific to each observable.                                DESCRIPTION         
Note: These GIM results correspond to the results for the   DESCRIPTION         
middle day of a 3-day combination analysis solving for 73   DESCRIPTION         
times 256, or 18688 VTEC parameters and 3 daily sets of     DESCRIPTION         
GNSS code bias parameters.                                  DESCRIPTION         
Contact address: code(at)aiub.unibe.ch                      DESCRIPTION         
Data archive:    ftp.aiub.unibe.ch/CODE/                    DESCRIPTION         
                 www.aiub.unibe.ch/download/CODE/           DESCRIPTION         
  2026     7     2     0     0     0                        EPOCH OF FIRST MAP  
  2026     7     3     0     0     0                        EPOCH OF LAST MAP   
  3600                                                      INTERVAL            
[...]
badg bake barh bjfs bndy boav bogo bogt bor1 braz brft brst COMMENT             
brux bshm cags cas1 ccj2 cedu chpg chpi chti chur ckis cmum COMMENT             
coco cord cpvg cpxf cro1 daej darw dav1 dgar dhlg djig drao COMMENT             
dubi dubo ebre faa1 fair flin flrs frdn gamb ganp glps glsv COMMENT             
gode gol2 gold gope gras graz guam guug harb hers hert hlfx COMMENT             
hnpt hob2 hofn holb holm hrao iddr ieng iisc impz ineg iqal COMMENT             
irkj ispa jdpr jog2 joz2 joze karr kerg kir0 kiri kiru kit3 COMMENT             
kokb kokv kouc koug kour krgg lama laut lck4 lmmf lpal lpgs COMMENT             
m0se mac1 madr mal2 mas1 mat1 mate maui maw1 mcil mcm4 mdo1 COMMENT             
medi mgue mizu mkea mnls mobs monp morp mqzg mro1 mtka nano COMMENT             
naur nico nist nium nklg nlib nnor not1 nrc1 nrmd nya1 nyal COMMENT             
onsa ous2 park pdel penc pert pie1 pimo pohn pol2 polv pots COMMENT             
pove ptbb ptvl qaq1 quin rbay reso reun reyk rgdg rio2 roth COMMENT             
salu samo sant sch2 scor scrz sctb seyg sfer smst spt0 sthl COMMENT             
stjo stk2 str2 suth sutm suwn sydn syog tash thtg thti thu2 COMMENT             
tid1 tidb tlse tn22 tow2 tro1 tskb tuva twtf txes uclu ufpr COMMENT             
ulab unb3 unbj unsa urum usn7 usud vald vill vtsp wab2 wark COMMENT             
wgtn whit will wind wsrt wtza wtzl wtzr wtzs wtzz xmis yar2 COMMENT             
yar3 yarr yell ykro zamb zeck zim2 zim3 zimm                COMMENT             
                                                            END OF HEADER       
[from data line 9867]
    24                                                      START OF TEC MAP    
  2026     7     2    23     0     0                        EPOCH OF CURRENT MAP
    87.5-180.0 180.0   5.0 450.0                            LAT/LON1/LON2/DLON/H
  175  175  175  175  175  175  175  175  174  174  174  174  174  173  173  173
  173  172  172  172  171  171  171  171  171  171  170  170  170  171  171  171
  171  171  171  172  172  172  172  173  173  173  173  174  174  174  174  174
  175  175  175  175  175  175  175  175  175  175  175  175  175  175  175  175
  175  175  175  175  175  175  175  175  175
    85.0-180.0 180.0   5.0 450.0                            LAT/LON1/LON2/DLON/H
  177  177  178  178  178  178  178  178  178  177  177  176  176  175  174  173
  173  172  171  170  169  168  167  167  166  166  166  165  165  166  166  166
  167  167  168  168  169  170  171  171  172  173  174  174  175  175  176  176
  176  176  176  176  176  176  176  176  176  176  176  176  176  176  176  176
  176  176  177  177  177  177  177  177  177
    82.5-180.0 180.0   5.0 450.0                            LAT/LON1/LON2/DLON/H
  181  181  181  182  182  183  183  183  183  183  182  182  180  179  178  176
  174  172  170  168  167  165  163  162  161  160  159  159  159  159  159  160
  160  161  162  164  165  166  168  169  170  172  173  174  175  176  176  177
  177  177  177  178  178  177  177  177  177  177  178  178  178  178  179  179
  179  179  179  180  180  180  180  180  181
    80.0-180.0 180.0   5.0 450.0                            LAT/LON1/LON2/DLON/H
  185  185  186  187  187  188  189  190  191  191  190  189  187  185  183  180
  177  174  171  168  165  163  160  158  156  154  153  152  151  151  151  152
  152  154  155  157  159  161  163  165  167  169  170  172  173  175  176  177
  177  178  178  178  178  178  178  178  179  179  180  180  181  182  183  184
  184  185  185  185  185  185  185  185  185
    77.5-180.0 180.0   5.0 450.0                            LAT/LON1/LON2/DLON/H
  189  189  190  191  192  194  196  197  199  199  199  198  196  193  190  186
  182  178  174  170  166  163  160  156  153  151  148  146  145  144  144  144
  144  146  147  149  152  154  157  159  162  164  166  169  170  172  174  175
  176  177  178  178  178  178  178  179  179  180  182  184  186  188  190  191
  193  194  194  194  193  192  191  190  189
    75.0-180.0 180.0   5.0 450.0                            LAT/LON1/LON2/DLON/H
  194  193  192  193  195  197  200  203  206  207  208  207  205  202  198  193
  188  184  179  175  171  167  163  159  155  151  147  144  142  140  138  138
  138  139  141  143  146  148  151  154  157  159  162  164  166  168  171  172
  174  176  177  177  177  178  178  178  180  181  184  187  191  195  198  202
  204  206  206  205  203  201  198  196  194
    72.5-180.0 180.0   5.0 450.0                            LAT/LON1/LON2/DLON/H
  199  196  194  194  196  199  203  207  211  214  215  215  213  209  205  200
  196  191  187  183  179  175  170  165  161  156  151  147  143  140  138  137
  137  137  138  140  142  145  147  150  152  155  157  159  161  164  166  169
  172  174  175  176  176  176  177  177  179  181  185  190  196  202  208  213
  217  219  220  219  216  212  207  203  199
    70.0-180.0 180.0   5.0 450.0                            LAT/LON1/LON2/DLON/H
  204  199  196  195  196  199  203  208  213  217  220  220  219  216  212  208
  203  200  196  193  190  186  182  177  171  166  160  155  150  147  144  142
  141  140  140  141  143  145  147  149  150  152  153  155  157  159  162  165
  169  171  173  174  175  175  174  175  176  179  184  191  199  208  216  224
  230  233  234  232  229  224  217  211  204
    67.5-180.0 180.0   5.0 450.0                            LAT/LON1/LON2/DLON/H
  212  205  200  197  196  198  202  207  213  218  222  223  223  220  217  214
  211  208  206  205  203  200  196  191  185  179  173  168  164  160  156  154
  151  150  148  148  148  149  150  151  152  152  152  152  153  155  158  161
  165  169  171  172  172  172  171  171  172  176  182  190  200  211  222  232
  239  244  246  244  241  235  228  220  212
    65.0-180.0 180.0   5.0 450.0                            LAT/LON1/LON2/DLON/H
  222  215  208  203  200  200  202  207  212  217  221  224  224  223  221  219
  217  216  216  216  215  214  210  206  200  195  189  185  181  178  175  171
  168  164  161  159  158  157  157  157  156  155  153  151  150  151  153  157
  161  165  168  169  169  168  167  166  168  172  178  188  199  212  225  236
  245  250  253  252  249  244  238  230  222
    62.5-180.0 180.0   5.0 450.0                            LAT/LON1/LON2/DLON/H
  236  229  221  214  209  206  206  208  212  217  221  223  225  225  224  223
  222  223  224  225  226  225  222  219  214  210  206  203  201  199  196  193
  188  183  177  173  169  168  167  165  164  160  156  152  149  148  149  153
  157  161  164  165  164  163  162  162  163  167  174  184  197  210  224  236
  245  251  253  254  253  250  246  242  236
    60.0-180.0 180.0   5.0 450.0                            LAT/LON1/LON2/DLON/H
  251  246  240  232  225  219  215  214  215  218  221  224  225  226  226  226
  226  227  229  230  232  232  230  228  224  222  220  219  220  220  218  215
  209  201  193  186  181  178  176  175  172  167  161  154  149  146  146  148
  152  155  158  159  159  158  158  158  160  165  172  181  193  207  220  231
  240  245  248  250  251  252  253  253  251
    57.5-180.0 180.0   5.0 450.0                            LAT/LON1/LON2/DLON/H
  265  265  261  255  246  238  231  226  224  223  224  226  228  229  229  229
  229  229  230  232  233  234  234  232  231  230  230  232  235  237  237  233
  226  217  206  197  190  186  184  183  180  174  167  158  150  144  142  143
  146  149  151  152  152  153  154  157  160  165  171  180  190  202  214  224
  232  236  239  242  246  251  257  262  265
    55.0-180.0 180.0   5.0 450.0                            LAT/LON1/LON2/DLON/H
  278  283  283  279  271  262  252  244  238  234  233  233  234  234  234  233
  231  230  230  230  232  233  233  233  233  234  236  240  245  248  249  246
  239  228  216  205  197  193  191  189  187  181  172  161  151  143  140  139
  141  143  144  145  147  150  154  159  164  169  174  181  189  199  209  218
  224  227  229  233  238  247  258  269  278
    52.5-180.0 180.0   5.0 450.0                            LAT/LON1/LON2/DLON/H
  287  297  301  301  296  288  277  267  258  251  246  244  243  242  241  238
  234  231  229  229  230  231  232  233  234  235  239  243  249  253  255  253
  246  235  223  211  202  197  195  194  192  187  178  166  154  144  139  137
  137  138  139  141  144  149  157  165  173  178  182  185  191  198  206  213
  218  220  222  226  233  244  259  274  287
    50.0-180.0 180.0   5.0 450.0                            LAT/LON1/LON2/DLON/H
  291  304  313  317  317  312  303  293  282  272  265  260  256  253  249  244
  239  234  231  230  230  232  233  234  235  237  239  244  249  253  255  254
  248  239  227  216  207  201  199  198  197  192  183  171  158  148  141  138
  137  137  138  139  144  153  164  176  186  191  192  193  196  201  207  213
  217  219  221  225  233  244  260  276  291
    47.5-180.0 180.0   5.0 450.0                            LAT/LON1/LON2/DLON/H
  292  305  317  326  331  332  327  319  308  297  287  279  273  267  260  253
  246  240  237  236  237  239  240  240  240  240  241  244  247  251  253  252
  249  242  233  223  214  208  204  203  201  197  189  178  165  155  148  144
  142  141  141  143  149  161  176  191  202  206  206  204  203  206  212  218
  223  226  229  233  240  251  264  278  292
    45.0-180.0 180.0   5.0 450.0                            LAT/LON1/LON2/DLON/H
  292  304  316  328  339  345  347  343  335  324  312  301  291  282  272  264
  256  251  250  250  252  253  253  252  249  247  247  247  248  250  252  252
  251  248  242  234  225  218  212  209  207  203  197  187  175  165  158  154
  152  151  151  153  160  173  190  207  219  223  221  216  213  215  221  229
  235  241  245  250  257  265  273  282  292
    42.5-180.0 180.0   5.0 450.0                            LAT/LON1/LON2/DLON/H
  295  302  313  327  341  354  362  363  359  350  338  325  311  298  285  275
  269  267  269  272  275  275  273  269  264  260  257  255  255  255  255  256
  257  258  255  250  241  232  223  218  214  211  205  198  188  179  173  169
  167  166  166  168  175  188  205  222  234  238  235  229  226  227  234  243
  253  261  268  275  282  286  289  292  295
    40.0-180.0 180.0   5.0 450.0                            LAT/LON1/LON2/DLON/H
  305  307  314  327  343  359  372  380  381  375  364  349  331  314  299  289
  285  287  293  300  304  303  298  290  282  276  273  270  268  266  264  265
  268  271  272  268  259  248  237  228  223  219  215  210  203  196  191  188
  186  185  184  186  191  203  218  234  246  250  248  242  239  242  250  261
  273  284  295  304  311  314  312  308  305
    37.5-180.0 180.0   5.0 450.0                            LAT/LON1/LON2/DLON/H
  323  320  324  334  348  365  381  394  400  398  389  373  352  331  313  303
  302  309  321  331  335  333  324  312  302  296  292  290  287  283  279  278
  280  285  287  285  277  264  251  239  232  228  225  221  217  212  208  206
  205  204  203  204  207  215  227  240  251  257  257  254  253  257  267  279
  293  307  321  333  341  343  339  330  323
    35.0-180.0 180.0   5.0 450.0                            LAT/LON1/LON2/DLON/H
  349  344  344  349  359  374  390  406  417  420  413  397  375  350  330  320
  322  333  349  361  366  360  348  333  321  315  313  312  308  302  296  292
  292  295  299  298  290  277  262  249  240  235  232  230  228  226  223  221
  220  220  219  219  219  222  229  239  249  258  262  264  267  273  284  297
  311  326  342  356  367  371  366  357  349
    32.5-180.0 180.0   5.0 450.0                            LAT/LON1/LON2/DLON/H
  380  377  375  375  378  387  401  418  432  439  436  422  399  373  351  340
  344  357  375  388  391  383  367  350  337  331  331  331  327  319  309  301
  298  299  302  302  295  283  268  254  244  238  236  235  235  234  233  231
  230  229  229  227  224  222  223  230  240  253  264  272  279  288  300  312
  326  340  356  372  385  392  391  386  380
    30.0-180.0 180.0   5.0 450.0                            LAT/LON1/LON2/DLON/H
  412  413  411  406  402  404  414  430  446  457  458  447  426  399  377  366
  369  382  399  410  410  399  381  362  348  342  342  342  338  328  315  302
  295  293  295  296  291  281  268  255  244  237  234  234  235  235  234  232
  230  230  229  227  221  214  210  213  225  243  262  277  289  301  312  324
  335  348  362  379  394  405  410  411  412
    27.5-180.0 180.0   5.0 450.0                            LAT/LON1/LON2/DLON/H
  439  446  446  438  428  423  428  441  459  473  479  472  455  431  409  398
  399  409  421  427  424  411  390  369  354  346  344  343  337  325  309  293
  282  278  279  280  278  271  261  249  239  231  227  226  228  229  227  224
  221  219  219  216  209  198  190  192  206  230  257  279  296  309  321  332
  341  351  363  379  395  409  420  429  439
    25.0-180.0 180.0   5.0 450.0                            LAT/LON1/LON2/DLON/H
  456  470  473  464  450  439  440  452  470  486  497  496  485  466  447  436
  433  438  442  442  434  418  396  373  354  342  335  331  323  309  291  274
  262  257  257  260  260  256  249  240  230  221  215  214  215  215  212  207
  202  199  199  197  189  177  166  168  186  216  250  278  298  313  325  335
  343  351  361  375  391  407  422  439  456
    22.5-180.0 180.0   5.0 450.0                            LAT/LON1/LON2/DLON/H
  462  481  487  479  463  451  450  460  477  496  511  517  513  501  488  478
  472  469  464  456  443  425  402  376  351  331  318  308  297  283  266  250
  238  234  235  239  241  239  234  227  218  208  201  197  197  197  192  184
  176  172  173  172  165  152  142  144  166  203  242  275  296  311  324  335
  343  350  358  371  386  401  418  439  462
    20.0-180.0 180.0   5.0 450.0                            LAT/LON1/LON2/DLON/H
  457  478  487  481  467  455  455  465  481  501  519  532  537  534  527  520
  512  502  488  471  454  433  408  378  346  317  294  278  266  253  239  226
  217  215  218  223  226  225  221  215  206  195  186  181  179  177  169  158
  147  142  143  144  139  128  119  124  149  191  234  268  290  305  319  332
  342  350  359  370  384  397  413  433  457
    17.5-180.0 180.0   5.0 450.0                            LAT/LON1/LON2/DLON/H
  447  467  477  473  462  455  456  466  482  502  522  540  553  559  561  558
  549  533  511  488  466  443  415  380  339  300  269  248  235  226  217  208
  203  204  209  216  218  216  211  205  195  184  173  167  164  159  148  133
  119  113  114  117  115  106  100  108  137  181  226  260  282  296  311  327
  341  353  363  375  388  399  410  426  447
    15.0-180.0 180.0   5.0 450.0                            LAT/LON1/LON2/DLON/H
  438  455  464  462  455  452  456  467  482  499  520  541  560  574  583  585
  578  560  532  504  478  453  422  380  332  284  247  224  214  210  206  201
  199  202  210  216  217  213  205  197  187  176  165  158  153  145  131  112
   96   88   90   94   95   90   87   97  128  173  218  251  271  286  303  323
  341  357  371  385  398  407  413  423  438
    12.5-180.0 180.0   5.0 450.0                            LAT/LON1/LON2/DLON/H
  437  449  456  454  451  451  458  469  481  495  513  535  556  575  590  598
  595  576  547  515  487  460  425  379  324  271  232  212  206  207  207  205
  204  208  217  223  222  213  202  192  181  171  161  153  147  137  120   98
   79   71   72   78   81   79   79   91  122  165  209  241  261  276  296  320
  343  362  381  399  414  422  425  428  437
    10.0-180.0 180.0   5.0 450.0                            LAT/LON1/LON2/DLON/H
  450  457  461  459  456  458  465  474  482  492  506  524  544  564  582  595
  595  579  551  520  490  461  423  373  316  263  227  212  213  219  221  217
  214  216  224  230  226  214  199  187  177  168  159  153  146  135  115   92
   71   62   63   70   74   74   76   88  117  158  199  231  251  269  292  318
  345  368  390  412  431  442  444  445  450
     7.5-180.0 180.0   5.0 450.0                            LAT/LON1/LON2/DLON/H
  475  481  483  479  474  474  478  484  487  492  501  514  529  545  561  576
  579  568  543  514  485  454  414  363  308  260  231  224  231  240  240  232
  223  221  227  232  226  211  193  180  171  165  159  154  147  135  115   91
   70   60   61   67   72   73   75   87  112  150  188  220  243  265  291  320
  347  372  397  423  447  462  468  470  475
     5.0-180.0 180.0   5.0 450.0                            LAT/LON1/LON2/DLON/H
  511  519  520  512  502  497  496  496  496  497  500  507  513  522  533  546
  552  544  524  498  470  438  398  349  300  261  242  243  255  264  259  242
  225  217  221  224  217  201  182  169  162  159  156  153  148  137  117   94
   74   65   65   70   74   75   76   85  106  139  175  208  236  263  292  322
  349  373  399  428  457  479  492  501  511
     2.5-180.0 180.0   5.0 450.0                            LAT/LON1/LON2/DLON/H
  549  563  564  553  536  523  515  510  506  505  505  505  504  502  506  513
  518  513  497  474  448  417  379  335  293  264  255  263  276  281  269  242
  216  202  203  205  199  182  164  153  149  149  149  148  145  136  119   98
   80   72   71   74   76   76   76   82   98  126  160  195  228  261  294  324
  349  371  395  425  458  487  510  530  549
