public/data/global.ionex
     1.0            IONOSPHERE MAPS     GNSS                IONEX VERSION / TYPE
ADDNEQ2 V5.5        AIUB                02-JUL-26 07:10     PGM / RUN BY / DATE 
CODE'S GLOBAL IONOSPHERE MAPS FOR DAY 178, 2026             COMMENT             
Global ionosphere maps (GIM) are generated on a daily basis DESCRIPTION         
at CODE using data from about 300 GNSS sites of the IGS and DESCRIPTION         
other institutions. The vertical total electron content     DESCRIPTION         
(VTEC) is modeled in a solar-geomagnetic reference frame    DESCRIPTION         
using a spherical harmonics expansion up to degree and      DESCRIPTION         
order 15. Piece-wise linear functions are used for          DESCRIPTION         
representation in the time domain. The time spacing of      DESCRIPTION         
their vertices is 1 hour, conforming with the epochs of the DESCRIPTION         
VTEC maps.                                                  DESCRIPTION         
To convert line-of-sight TEC into vertical TEC, a modified  DESCRIPTION         
single-layer model mapping function approximating the JPL   DESCRIPTION         
extended slab model mapping function is adopted. The        DESCRIPTION         
mapping function is evaluated at geodetic satellite         DESCRIPTION         
elevation angles. For the computation of the ionospheric    DESCRIPTION         
pierce points, a spherical layer with a radius of 6821 km   DESCRIPTION         
is assumed, implying geocentric, not geodetic IONEX         DESCRIPTION         
latitudes.                                                  DESCRIPTION         
Instrumental biases with respect to each involved GNSS code DESCRIPTION         
observable are estimated as constant values for each        DESCRIPTION         
day. They are modeled with one set of bias parameters for   DESCRIPTION         
each satellite and each station in case of GPS and for each DESCRIPTION         
satellite-station link in case of GLONASS. The code bias    DESCRIPTION         
datum is defined by zero-mean conditions imposed on the     DESCRIPTION         
satellite bias estimates. In this file, just GPS C1W-C2W    DESCRIPTION         
satellite and station bias values are included. The         DESCRIPTION         
complete set of GNSS code bias results is provided in an    DESCRIPTION         
additional Bias-SINEX file as pseudo-absolute values        DESCRIPTION         
specific to each observable.                                DESCRIPTION         
Note: These GIM results correspond to the results for the   DESCRIPTION         
middle day of a 3-day combination analysis solving for 73   DESCRIPTION         
times 256, or 18688 VTEC parameters and 3 daily sets of     DESCRIPTION         
GNSS code bias parameters.                                  DESCRIPTION         
Contact address: code(at)aiub.unibe.ch                      DESCRIPTION         
Data archive:    ftp.aiub.unibe.ch/CODE/                    DESCRIPTION         
                 www.aiub.unibe.ch/download/CODE/           DESCRIPTION         
  2026     6    27     0     0     0                        EPOCH OF FIRST MAP  
  2026     6    28     0     0     0                        EPOCH OF LAST MAP   
  3600                                                      INTERVAL            
[...]
badg bake bako barh bjfs bndy boav bogo bogt bor1 braz brft COMMENT             
brst brux bshm cags cas1 ccj2 cedu chpg chpi chti chur ckis COMMENT             
cmum coco cord cpvg cpxf cro1 daej darw dav1 dgar dhlg djig COMMENT             
drao dubi dubo ebre faa1 fair flin flrs frdn gamb ganp glps COMMENT             
glsv gode gol2 gold gope gras graz guam guug harb hers hert COMMENT             
hlfx hnpt hob2 hofn holb holm hrao iddr ieng iisc impz ineg COMMENT             
iqal irkj ispa jdpr jog2 joz2 joze karr kerg kir0 kiri kiru COMMENT             
kit3 kokb kokv kouc koug kour krgg lama laut lck4 lmmf lpal COMMENT             
lpgs m0se mac1 madr mal2 mas1 mat1 mate maui maw1 mcil mcm4 COMMENT             
mdo1 medi mgue mizu mkea mnls mobs monp morp mqzg mro1 mtka COMMENT             
nano naur nico nist nium nklg nlib nnor not1 nrc1 nrmd nya1 COMMENT             
nyal onsa ous2 park pdel penc pert pie1 pimo pohn pol2 pots COMMENT             
pove ptag ptbb ptvl qaq1 quin rbay reso reun reyk rgdg rio2 COMMENT             
roth salu samo sant sch2 scor scrz sctb seyg sfer sofi spt0 COMMENT             
ssia sthl stjo stk2 str2 suth sutm suwn sydn syog tash thtg COMMENT             
thti thu2 tid1 tidb tlse tn22 tow2 tro1 tskb tuva twtf txes COMMENT             
uclu ulab unb3 unbj unsa urum usn7 usud vald vill vtsp wab2 COMMENT             
wark wgtn whit will wind wsrt wtza wtzl wtzr wtzs wtzz xmis COMMENT             
yar2 yar3 yarr yell ykro zamb zeck zim2 zim3 zimm           COMMENT             
                                                            END OF HEADER       
     1                                                      START OF TEC MAP    
  2026     6    27     0     0     0                        EPOCH OF CURRENT MAP
    87.5-180.0 180.0   5.0 450.0                            LAT/LON1/LON2/DLON/H
  150  150  151  152  153  154  155  155  156  156  157  157  157  157  157  156
  156  155  155  154  153  151  150  149  147  145  144  142  140  139  137  135
  134  132  131  130  129  128  127  126  126  125  125  125  125  125  125  126
  126  127  127  128  129  130  131  132  133  134  135  136  137  138  139  140
  141  142  144  145  146  147  148  149  150
    85.0-180.0 180.0   5.0 450.0                            LAT/LON1/LON2/DLON/H
  158  160  161  163  165  166  168  170  171  173  174  175  176  176  176  176
  176  175  173  172  170  167  164  161  158  155  151  147  143  140  136  133
  130  127  124  122  120  119  117  117  116  116  116  116  117  117  118  119
  121  122  124  125  127  129  131  133  135  137  139  140  142  144  145  147
  148  149  151  152  153  154  156  157  158
    82.5-180.0 180.0   5.0 450.0                            LAT/LON1/LON2/DLON/H
  165  166  168  170  173  175  178  180  183  185  188  190  191  192  193  193
  193  192  191  189  186  183  179  174  169  164  158  152  146  141  135  130
  126  122  119  116  114  113  113  112  113  113  114  115  116  118  119  121
  123  125  128  130  133  136  139  141  144  147  149  152  154  155  157  158
  159  160  160  161  161  162  163  164  165
    80.0-180.0 180.0   5.0 450.0                            LAT/LON1/LON2/DLON/H
  170  171  173  175  177  181  184  187  191  194  197  199  201  203  204  204
  204  203  202  200  197  194  189  183  177  170  163  155  147  140  133  127
  122  118  115  113  112  112  113  114  116  118  120  122  124  126  128  130
  132  135  138  140  144  147  151  155  158  162  165  167  170  171  172  173
  173  172  172  171  170  169  169  169  170
    77.5-180.0 180.0   5.0 450.0                            LAT/LON1/LON2/DLON/H
  174  175  176  178  181  184  188  192  195  199  201  203  205  206  206  206
  206  205  204  203  201  197  193  187  180  172  163  154  145  137  129  123
  118  114  113  112  113  115  118  121  125  128  131  134  137  139  141  143
  145  147  149  152  156  160  164  169  173  178  181  185  187  188  188  188
  187  185  183  181  179  177  175  174  174
    75.0-180.0 180.0   5.0 450.0                            LAT/LON1/LON2/DLON/H
  179  179  180  181  184  187  191  195  199  202  203  204  204  202  201  199
  198  198  197  197  195  193  190  185  178  170  160  150  140  131  124  118
  113  111  111  113  116  120  125  130  135  140  144  148  150  153  154  155
  156  158  160  163  166  171  176  181  186  192  196  199  202  203  202  201
  199  196  194  190  188  185  182  181  179
    72.5-180.0 180.0   5.0 450.0                            LAT/LON1/LON2/DLON/H
  187  186  185  186  188  191  195  199  203  205  205  204  201  196  192  188
  185  183  183  184  184  184  182  178  171  163  154  143  134  125  118  113
  110  110  111  115  120  125  132  138  144  150  155  158  161  163  164  164
  165  165  167  169  173  177  183  189  195  201  206  209  212  212  211  210
  207  204  201  198  196  193  191  189  187
    70.0-180.0 180.0   5.0 450.0                            LAT/LON1/LON2/DLON/H
  196  194  193  192  193  196  200  204  208  210  209  205  199  191  183  176
  170  167  167  168  170  172  171  168  163  155  146  136  127  119  113  110
  109  110  113  117  123  129  135  142  148  154  159  162  165  166  167  167
  167  168  169  171  174  179  185  191  198  204  210  213  215  215  214  212
  209  207  205  203  202  201  200  198  196
    67.5-180.0 180.0   5.0 450.0                            LAT/LON1/LON2/DLON/H
  207  204  201  198  198  200  204  208  213  215  214  209  200  190  178  168
  160  156  155  157  159  161  162  160  155  147  138  130  122  115  111  110
  111  113  117  121  126  131  136  141  146  151  156  159  162  163  164  164
  164  165  166  168  172  177  182  189  196  203  208  211  213  213  211  208
  206  204  204  205  207  208  209  209  207
    65.0-180.0 180.0   5.0 450.0                            LAT/LON1/LON2/DLON/H
  216  212  207  203  200  201  205  210  216  220  220  215  206  193  180  167
  158  152  151  152  155  157  157  155  149  142  134  127  121  117  115  115
  117  120  123  126  128  131  133  136  140  143  147  150  153  155  156  157
  158  159  161  163  167  172  177  184  191  197  202  205  207  206  203  201
  198  198  200  203  208  213  217  218  216
    62.5-180.0 180.0   5.0 450.0                            LAT/LON1/LON2/DLON/H
  222  217  211  204  200  199  202  209  216  222  224  221  213  202  188  175
  165  159  157  157  158  159  158  155  149  142  136  130  125  123  123  125
  128  130  131  132  131  130  130  130  131  133  136  139  141  143  145  147
  149  151  154  157  161  166  171  177  184  190  195  198  198  197  194  191
  189  189  193  199  207  214  220  223  222
    60.0-180.0 180.0   5.0 450.0                            LAT/LON1/LON2/DLON/H
  223  218  211  203  197  195  198  204  213  220  225  226  221  212  201  190
  181  175  171  170  170  169  165  161  155  148  143  139  136  136  137  139
  141  142  141  139  135  131  128  125  125  126  127  129  131  133  135  137
  140  144  148  153  157  161  166  172  178  184  188  191  191  189  186  182
  180  181  185  193  202  212  220  224  223
    57.5-180.0 180.0   5.0 450.0                            LAT/LON1/LON2/DLON/H
  220  216  209  201  195  192  194  200  208  217  224  227  226  222  215  207
  200  195  192  189  186  183  178  171  165  160  156  153  152  152  153  154
  155  154  151  147  141  134  129  125  123  123  124  124  125  126  127  130
  134  139  144  150  154  159  164  170  175  180  184  187  186  184  180  177
  174  175  179  187  196  206  215  220  220
    55.0-180.0 180.0   5.0 450.0                            LAT/LON1/LON2/DLON/H
  214  212  207  201  196  194  195  199  206  213  220  225  228  228  226  222
  219  215  212  209  204  199  192  186  180  176  174  173  172  171  170  169
  167  164  160  154  147  140  134  130  128  127  127  126  125  123  123  125
  130  136  142  149  155  160  165  171  176  181  185  186  185  182  179  175
  173  173  176  183  191  200  207  212  214
    52.5-180.0 180.0   5.0 450.0                            LAT/LON1/LON2/DLON/H
  208  209  208  207  205  204  205  206  209  213  218  223  227  231  233  233
  233  231  229  226  221  215  208  202  197  195  194  194  192  189  185  180
  176  171  166  160  154  148  143  139  138  137  135  133  130  126  124  124
  128  135  142  150  157  164  170  176  182  186  189  189  188  184  180  177
  175  176  179  183  189  195  200  205  208
    50.0-180.0 180.0   5.0 450.0                            LAT/LON1/LON2/DLON/H
  205  210  214  218  222  224  225  224  222  220  220  222  226  232  236  239
  241  241  241  239  235  229  223  218  215  214  214  213  210  204  196  187
  180  174  169  165  161  157  154  152  152  151  149  144  139  132  127  126
  129  136  144  153  162  170  178  185  191  195  196  195  192  188  184  182
  182  183  186  189  193  195  198  201  205
    47.5-180.0 180.0   5.0 450.0                            LAT/LON1/LON2/DLON/H
  209  217  226  237  246  252  253  250  243  235  229  227  228  232  237  241
  244  246  248  248  246  243  238  234  231  231  231  229  223  214  202  190
  181  175  172  170  169  169  168  168  167  166  164  158  150  141  134  131
  132  138  147  157  168  178  188  196  203  206  206  203  198  193  189  188
  190  193  198  202  203  203  203  205  209
    45.0-180.0 180.0   5.0 450.0                            LAT/LON1/LON2/DLON/H
  222  231  245  260  274  284  287  282  271  258  246  238  236  237  240  243
  246  249  253  257  258  257  253  249  246  245  243  240  232  220  205  191
  181  176  175  177  180  182  183  184  184  183  179  173  163  152  143  138
  138  143  151  162  174  186  197  207  214  217  216  211  204  198  194  194
  198  205  213  219  221  220  218  218  222
    42.5-180.0 180.0   5.0 450.0                            LAT/LON1/LON2/DLON/H
  243  253  268  286  302  315  319  315  302  286  269  257  250  248  248  248
  250  255  261  268  273  274  270  264  259  255  251  246  237  223  207  193
  183  180  181  186  192  197  200  201  200  199  195  188  178  166  155  147
  145  149  157  167  180  193  206  216  223  226  224  218  210  202  198  199
  206  217  230  240  245  244  241  239  243
    40.0-180.0 180.0   5.0 450.0                            LAT/LON1/LON2/DLON/H
  271  280  295  312  328  341  347  344  332  315  297  282  272  266  262  260
  261  266  275  286  294  295  290  281  271  263  257  250  240  226  211  198
  189  188  192  199  208  214  218  219  218  215  210  203  193  181  169  159
  155  156  162  172  184  197  210  221  228  230  228  222  214  207  202  204
  213  228  246  262  271  273  270  268  271
    37.5-180.0 180.0   5.0 450.0                            LAT/LON1/LON2/DLON/H
  304  312  324  338  351  362  368  367  358  344  327  312  300  290  283  279
  279  285  297  310  320  321  312  298  283  271  262  255  245  233  219  207
  199  199  205  214  224  232  237  237  235  231  227  220  211  198  184  173
  166  165  168  176  187  199  210  220  226  228  228  224  218  212  207  209
  219  238  261  282  297  303  303  302  304
    35.0-180.0 180.0   5.0 450.0                            LAT/LON1/LON2/DLON/H
  339  346  355  365  373  380  385  386  381  371  358  345  332  320  311  304
  304  311  325  340  349  348  336  317  297  281  271  263  255  244  230  219
  212  211  217  228  239  249  254  254  252  248  243  237  228  215  201  187
  177  173  174  179  187  197  206  212  217  220  223  224  222  218  214  215
  226  246  272  298  319  330  334  335  339
    32.5-180.0 180.0   5.0 450.0                            LAT/LON1/LON2/DLON/H
  372  380  389  395  398  401  403  405  404  399  391  380  368  355  343  335
  334  342  355  370  378  375  359  337  314  297  286  279  270  258  244  231
  223  221  226  236  249  259  266  267  265  262  258  252  243  230  215  199
  187  180  178  180  186  192  197  200  203  208  215  222  226  225  223  224
  233  253  281  311  336  352  361  366  372
    30.0-180.0 180.0   5.0 450.0                            LAT/LON1/LON2/DLON/H
  402  414  424  430  430  428  428  430  433  432  428  419  407  392  378  368
  366  373  385  397  403  397  380  357  334  317  307  299  289  275  257  240
  228  223  226  236  248  260  269  272  272  269  266  261  253  240  224  208
  194  184  180  180  183  185  186  186  188  194  206  220  230  234  234  235
  243  262  289  320  348  369  381  391  402
    27.5-180.0 180.0   5.0 450.0                            LAT/LON1/LON2/DLON/H
  426  445  461  469  469  466  464  466  470  473  471  464  451  434  417  404
  399  402  410  419  421  414  397  376  356  342  332  322  307  287  264  241
  224  215  216  224  236  249  259  265  267  267  265  261  253  242  226  210
  196  185  179  178  178  178  175  172  173  182  199  219  236  244  246  248
  255  272  298  329  358  380  396  410  426
    25.0-180.0 180.0   5.0 450.0                            LAT/LON1/LON2/DLON/H
  445  470  494  509  513  511  510  512  518  522  522  514  499  479  458  440
  430  428  431  434  432  424  409  393  377  365  355  340  319  292  261  232
  209  197  194  200  211  224  236  244  249  251  251  248  243  233  220  205
  192  182  175  173  172  170  166  162  163  175  197  222  242  254  259  262
  270  285  309  338  367  390  407  423  445
    22.5-180.0 180.0   5.0 450.0                            LAT/LON1/LON2/DLON/H
  457  489  521  544  556  558  560  565  571  577  577  568  551  528  502  479
  462  452  447  443  437  429  417  405  394  384  370  349  320  284  246  212
  186  171  166  169  178  190  201  211  218  223  225  224  221  215  205  194
  183  174  168  165  164  163  160  157  161  176  202  230  252  264  271  277
  286  302  324  351  378  399  416  433  457
    20.0-180.0 180.0   5.0 450.0                            LAT/LON1/LON2/DLON/H
  464  498  537  568  587  597  604  613  623  630  631  622  603  577  547  518
  494  476  462  451  441  431  422  413  403  390  371  342  304  262  220  185
  158  142  136  137  143  152  161  170  179  185  189  191  191  188  184  177
  169  161  156  154  155  156  156  158  166  186  214  243  264  276  284  293
  305  322  343  368  393  412  426  440  464
    17.5-180.0 180.0   5.0 450.0                            LAT/LON1/LON2/DLON/H
  466  499  539  575  601  618  632  647  661  672  674  667  649  622  589  557
  527  501  478  460  445  433  423  412  400  382  355  317  273  228  188  155
  132  118  112  111  114  117  123  130  137  145  150  154  157  159  159  157
  152  146  141  140  143  149  155  163  178  202  233  261  279  289  297  310
  326  345  366  389  411  429  439  448  466
    15.0-180.0 180.0   5.0 450.0                            LAT/LON1/LON2/DLON/H
  467  492  529  564  593  615  635  657  678  693  699  695  680  655  624  591
  557  525  496  472  451  435  420  404  384  358  321  277  231  189  155  131
  114  104   99   97   96   95   95   97  103  109  115  120  125  130  134  136
  134  129  124  124  130  141  154  170  193  223  256  282  297  304  313  328
  348  369  389  411  433  449  455  457  467
    12.5-180.0 180.0   5.0 450.0                            LAT/LON1/LON2/DLON/H
  469  484  511  540  566  588  613  641  668  689  699  699  689  671  645  615
  581  547  514  485  460  436  413  387  357  320  276  229  186  153  130  117
  108  103  101   99   95   88   82   79   81   85   89   94  100  107  113  117
  117  112  106  106  114  131  152  177  207  243  279  304  316  320  329  347
  370  391  411  432  454  470  473  469  469
    10.0-180.0 180.0   5.0 450.0                            LAT/LON1/LON2/DLON/H
  475  479  493  512  529  548  572  604  635  660  674  678  674  664  647  623
  594  561  528  496  466  435  400  362  320  275  228  183  148  127  118  116
  116  115  115  114  109   99   88   79   75   75   77   79   84   90   97  102
  101   95   89   88   99  120  148  180  217  259  297  324  334  337  346  365
  389  410  429  449  472  489  492  483  475
     7.5-180.0 180.0   5.0 450.0                            LAT/LON1/LON2/DLON/H
  487  481  485  491  496  506  526  556  589  615  629  636  637  635  628  614
  592  564  533  501  467  427  382  332  281  232  186  149  126  118  122  129
  133  135  137  137  133  122  107   94   85   80   77   77   78   82   87   91
   89   82   74   73   84  109  141  178  220  266  308  337  348  352  361  380
  404  423  440  459  483  503  509  499  487
     5.0-180.0 180.0   5.0 450.0                            LAT/LON1/LON2/DLON/H
  503  496  492  488  480  478  489  514  543  566  578  583  586  590  592  588
  574  552  525  494  458  412  358  300  245  198  160  134  124  129  141  152
  155  156  159  162  161  151  135  117  103   94   87   82   79   80   81   83
   80   72   64   62   73   98  132  171  215  264  309  342  356  362  371  390
  411  428  442  460  486  510  520  515  503
     2.5-180.0 180.0   5.0 450.0                            LAT/LON1/LON2/DLON/H
  523  520  517  507  490  476  475  491  513  529  534  533  533  539  547  550
  544  527  503  475  438  389  330  270  218  179  154  142  144  156  170  177
  175  171  173  180  183  177  161  141  123  110  100   91   84   80   78   78
   74   67   58   55   65   89  121  159  202  251  300  337  356  363  373  390
  409  423  435  452  479  507  524  526  523
