public/data/global.ionex
     1.0            IONOSPHERE MAPS     GNSS                IONEX VERSION / TYPE
ADDNEQ2 V5.5        AIUB                02-JUL-26 07:10     PGM / RUN BY / DATE 
CODE'S GLOBAL IONOSPHERE MAPS FOR DAY 178, 2026             COMMENT             
Global ionosphere maps (GIM) are generated on a daily basis DESCRIPTION         
at CODE using data from about 300 GNSS sites of the IGS and DESCRIPTION         
other institutions. The vertical total electron content     DESCRIPTION         
(VTEC) is modeled in a solar-geomagnetic reference frame    DESCRIPTION         
using a spherical harmonics expansion up to degree and      DESCRIPTION         
order 15. Piece-wise linear functions are used for          DESCRIPTION         
representation in the time domain. The time spacing of      DESCRIPTION         
their vertices is 1 hour, conforming with the epochs of the DESCRIPTION         
VTEC maps.                                                  DESCRIPTION         
To convert line-of-sight TEC into vertical TEC, a modified  DESCRIPTION         
single-layer model mapping function approximating the JPL   DESCRIPTION         
extended slab model mapping function is adopted. The        DESCRIPTION         
mapping function is evaluated at geodetic satellite         DESCRIPTION         
elevation angles. For the computation of the ionospheric    DESCRIPTION         
pierce points, a spherical layer with a radius of 6821 km   DESCRIPTION         
is assumed, implying geocentric, not geodetic IONEX         DESCRIPTION         
latitudes.                                                  DESCRIPTION         
Instrumental biases with respect to each involved GNSS code DESCRIPTION         
observable are estimated as constant values for each        DESCRIPTION         
day. They are modeled with one set of bias parameters for   DESCRIPTION         
each satellite and each station in case of GPS and for each DESCRIPTION         
satellite-station link in case of GLONASS. The code bias    DESCRIPTION         
datum is defined by zero-mean conditions imposed on the     DESCRIPTION         
satellite bias estimates. In this file, just GPS C1W-C2W    DESCRIPTION         
satellite and station bias values are included. The         DESCRIPTION         
complete set of GNSS code bias results is provided in an    DESCRIPTION         
additional Bias-SINEX file as pseudo-absolute values        DESCRIPTION         
specific to each observable.                                DESCRIPTION         
Note: These GIM results correspond to the results for the   DESCRIPTION         
middle day of a 3-day combination analysis solving for 73   DESCRIPTION         
times 256, or 18688 VTEC parameters and 3 daily sets of     DESCRIPTION         
GNSS code bias parameters.                                  DESCRIPTION         
Contact address: code(at)aiub.unibe.ch                      DESCRIPTION         
Data archive:    ftp.aiub.unibe.ch/CODE/                    DESCRIPTION         
                 www.aiub.unibe.ch/download/CODE/           DESCRIPTION         
  2026     6    27     0     0     0                        EPOCH OF FIRST MAP  
  2026     6    28     0     0     0                        EPOCH OF LAST MAP   
  3600                                                      INTERVAL            
[...]
badg bake bako barh bjfs bndy boav bogo bogt bor1 braz brft COMMENT             
brst brux bshm cags cas1 ccj2 cedu chpg chpi chti chur ckis COMMENT             
cmum coco cord cpvg cpxf cro1 daej darw dav1 dgar dhlg djig COMMENT             
drao dubi dubo ebre faa1 fair flin flrs frdn gamb ganp glps COMMENT             
glsv gode gol2 gold gope gras graz guam guug harb hers hert COMMENT             
hlfx hnpt hob2 hofn holb holm hrao iddr ieng iisc impz ineg COMMENT             
iqal irkj ispa jdpr jog2 joz2 joze karr kerg kir0 kiri kiru COMMENT             
kit3 kokb kokv kouc koug kour krgg lama laut lck4 lmmf lpal COMMENT             
lpgs m0se mac1 madr mal2 mas1 mat1 mate maui maw1 mcil mcm4 COMMENT             
mdo1 medi mgue mizu mkea mnls mobs monp morp mqzg mro1 mtka COMMENT             
nano naur nico nist nium nklg nlib nnor not1 nrc1 nrmd nya1 COMMENT             
nyal onsa ous2 park pdel penc pert pie1 pimo pohn pol2 pots COMMENT             
pove ptag ptbb ptvl qaq1 quin rbay reso reun reyk rgdg rio2 COMMENT             
roth salu samo sant sch2 scor scrz sctb seyg sfer sofi spt0 COMMENT             
ssia sthl stjo stk2 str2 suth sutm suwn sydn syog tash thtg COMMENT             
thti thu2 tid1 tidb tlse tn22 tow2 tro1 tskb tuva twtf txes COMMENT             
uclu ulab unb3 unbj unsa urum usn7 usud vald vill vtsp wab2 COMMENT             
wark wgtn whit will wind wsrt wtza wtzl wtzr wtzs wtzz xmis COMMENT             
yar2 yar3 yarr yell ykro zamb zeck zim2 zim3 zimm           COMMENT             
                                                            END OF HEADER       
[from data line 4290]
    11                                                      START OF TEC MAP    
  2026     6    27    10     0     0                        EPOCH OF CURRENT MAP
    87.5-180.0 180.0   5.0 450.0                            LAT/LON1/LON2/DLON/H
  169  169  169  169  168  168  167  167  167  166  166  165  165  165  164  164
  164  164  164  164  164  164  164  164  164  165  165  165  165  166  166  166
  166  166  166  167  167  166  166  166  166  166  166  166  165  165  165  165
  165  165  165  165  165  165  165  165  165  165  165  166  166  166  167  167
  168  168  168  169  169  169  169  169  169
    85.0-180.0 180.0   5.0 450.0                            LAT/LON1/LON2/DLON/H
  178  178  177  176  175  174  172  170  169  167  165  164  162  161  160  159
  159  159  159  159  160  160  161  162  164  165  166  167  168  169  170  171
  172  172  172  173  173  173  172  172  172  171  171  171  170  170  169  168
  168  167  167  167  166  166  166  166  166  167  167  168  169  170  171  173
  174  175  176  177  178  178  178  178  178
    82.5-180.0 180.0   5.0 450.0                            LAT/LON1/LON2/DLON/H
  190  189  187  185  183  180  177  173  170  166  163  160  157  154  152  151
  150  150  150  151  153  154  157  159  161  164  167  169  172  174  175  177
  178  179  180  180  181  181  181  181  181  180  180  180  180  179  179  178
  177  176  175  174  173  172  172  171  171  172  172  174  175  177  179  181
  183  185  186  188  189  190  190  190  190
    80.0-180.0 180.0   5.0 450.0                            LAT/LON1/LON2/DLON/H
  199  197  195  192  189  185  180  175  170  164  159  154  149  146  142  140
  139  139  140  142  144  147  150  154  158  162  166  170  173  176  179  182
  184  185  186  187  188  188  189  189  190  191  191  192  193  193  193  193
  192  191  189  187  185  183  182  180  180  180  180  182  184  186  189  191
  194  196  198  199  200  201  200  200  199
    77.5-180.0 180.0   5.0 450.0                            LAT/LON1/LON2/DLON/H
  201  199  197  194  190  185  180  175  168  162  155  149  143  138  134  131
  130  130  131  133  136  140  144  149  153  158  163  167  172  176  180  183
  186  188  190  192  193  194  195  196  198  200  202  205  207  209  211  211
  211  210  207  204  201  198  194  192  190  190  190  192  194  197  200  203
  205  206  207  208  207  206  205  203  201
    75.0-180.0 180.0   5.0 450.0                            LAT/LON1/LON2/DLON/H
  195  193  191  188  185  182  177  172  166  159  152  145  139  133  129  126
  125  125  126  129  132  136  140  144  148  153  157  162  166  171  176  181
  185  188  191  193  194  196  197  199  202  206  210  215  219  223  227  228
  228  227  224  220  215  210  206  202  200  200  200  203  206  209  212  214
  215  215  214  211  208  205  201  198  195
    72.5-180.0 180.0   5.0 450.0                            LAT/LON1/LON2/DLON/H
  181  179  177  176  175  173  171  167  163  157  151  144  138  133  128  126
  125  125  127  129  132  136  139  141  144  147  150  153  158  163  169  175
  181  186  190  192  194  196  197  200  203  208  213  220  226  231  236  238
  239  237  234  229  223  217  212  208  206  206  208  211  215  220  223  225
  224  221  217  210  204  197  190  185  181
    70.0-180.0 180.0   5.0 450.0                            LAT/LON1/LON2/DLON/H
  163  160  160  160  161  161  161  160  158  154  149  144  139  135  131  129
  128  129  131  134  136  139  140  141  141  141  142  144  148  154  161  169
  176  183  188  191  193  194  196  198  201  206  212  218  225  231  235  237
  237  235  232  226  220  214  209  206  205  207  211  216  222  228  232  233
  231  225  217  206  195  184  175  168  163
    67.5-180.0 180.0   5.0 450.0                            LAT/LON1/LON2/DLON/H
  146  143  143  144  146  148  150  150  150  149  146  143  140  137  134  133
  133  134  137  139  142  143  143  141  139  137  136  136  140  146  154  163
  172  181  187  191  193  193  194  195  197  201  206  212  217  221  224  225
  224  221  217  213  207  202  199  197  198  202  209  217  225  232  237  238
  234  227  215  201  186  172  160  152  146
    65.0-180.0 180.0   5.0 450.0                            LAT/LON1/LON2/DLON/H
  137  133  132  133  134  135  137  139  140  140  140  138  137  135  134  134
  135  137  139  142  145  146  145  142  139  135  132  131  134  140  149  160
  171  181  188  192  194  194  193  193  194  197  200  203  206  207  206  205
  202  199  196  192  188  186  184  185  189  195  204  214  224  232  237  239
  235  227  214  198  182  166  153  143  137
    62.5-180.0 180.0   5.0 450.0                            LAT/LON1/LON2/DLON/H
  140  135  132  130  128  126  125  126  126  128  128  129  129  128  128  129
  130  133  137  140  143  145  145  143  139  135  132  131  134  140  150  161
  173  183  191  195  196  195  194  193  193  195  196  196  195  192  188  183
  179  176  173  172  171  171  172  175  180  188  198  209  219  228  234  236
  233  225  214  199  184  169  156  147  140
    60.0-180.0 180.0   5.0 450.0                            LAT/LON1/LON2/DLON/H
  156  150  143  136  129  122  116  113  112  113  114  115  116  116  117  118
  120  123  127  132  137  140  142  142  140  138  136  136  139  146  155  166
  177  187  194  198  199  198  196  195  196  196  196  194  190  182  174  167
  162  160  159  160  162  164  166  171  177  185  194  204  213  221  226  229
  228  224  216  205  193  181  171  162  156
    57.5-180.0 180.0   5.0 450.0                            LAT/LON1/LON2/DLON/H
  181  173  163  150  136  123  112  104  100   99   99  100  100  101  101  103
  105  109  114  119  125  131  136  139  141  142  142  144  149  155  164  174
  184  192  198  201  201  200  199  200  201  202  202  199  192  182  172  163
  159  158  160  163  166  169  172  176  181  188  195  202  208  213  217  220
  222  222  219  214  207  200  193  187  181
    55.0-180.0 180.0   5.0 450.0                            LAT/LON1/LON2/DLON/H
  208  199  186  169  148  129  112  100   93   90   88   87   86   86   86   87
   90   94   99  105  113  121  128  135  141  146  151  155  161  168  176  184
  191  197  201  204  204  204  204  205  208  212  213  210  203  192  182  174
  171  173  177  181  184  186  187  189  193  198  202  205  207  208  209  211
  215  220  223  224  223  220  217  213  208
    52.5-180.0 180.0   5.0 450.0                            LAT/LON1/LON2/DLON/H
  229  220  205  185  161  137  117  102   93   87   84   80   77   75   74   75
   77   81   87   94  102  111  122  132  141  150  159  167  174  182  188  194
  199  202  205  207  208  208  209  212  217  223  227  226  220  211  202  197
  197  201  206  210  211  209  207  207  209  212  214  214  211  207  205  206
  211  219  227  234  237  237  236  233  229
    50.0-180.0 180.0   5.0 450.0                            LAT/LON1/LON2/DLON/H
  237  230  216  195  171  146  125  110  100   93   87   81   75   71   68   68
   71   75   80   87   96  106  117  129  142  154  166  177  186  194  200  204
  206  208  210  212  213  214  216  220  227  235  242  243  240  233  227  225
  229  235  240  242  238  232  227  224  225  228  230  228  222  214  207  206
  211  221  232  240  244  245  244  241  237
    47.5-180.0 180.0   5.0 450.0                            LAT/LON1/LON2/DLON/H
  231  225  213  196  174  152  133  120  111  105   98   90   81   74   69   68
   71   75   81   88   96  105  117  130  144  159  173  185  196  205  210  213
  215  216  218  220  222  224  225  230  237  247  255  260  259  255  252  253
  259  266  270  268  260  249  241  238  240  244  248  246  239  228  218  214
  218  227  237  244  246  244  239  235  231
    45.0-180.0 180.0   5.0 450.0                            LAT/LON1/LON2/DLON/H
  212  207  199  186  170  152  138  129  124  120  113  103   92   82   76   74
   76   81   88   94  102  110  120  133  148  164  179  192  204  213  218  221
  223  225  228  232  235  236  237  241  247  258  268  274  275  273  272  275
  281  287  289  283  271  258  249  247  252  259  265  265  259  248  237  230
  231  237  244  247  243  235  225  218  212
    42.5-180.0 180.0   5.0 450.0                            LAT/LON1/LON2/DLON/H
  187  182  177  170  159  147  139  135  134  132  127  118  105   93   86   83
   85   90   97  104  111  118  127  140  154  170  186  199  210  219  225  229
  232  236  241  246  250  252  252  253  259  269  280  287  289  288  287  289
  294  298  297  289  276  264  257  257  264  274  282  285  281  272  261  253
  251  253  254  251  241  225  208  195  187
    40.0-180.0 180.0   5.0 450.0                            LAT/LON1/LON2/DLON/H
  164  159  155  151  144  138  134  134  137  140  138  130  118  105   96   92
   94  100  107  115  121  128  136  149  164  180  194  206  215  223  230  236
  241  247  254  262  267  269  268  268  273  283  295  302  304  301  298  299
  302  304  301  293  283  275  273  276  283  292  299  303  302  296  287  278
  274  272  269  259  242  219  195  176  164
    37.5-180.0 180.0   5.0 450.0                            LAT/LON1/LON2/DLON/H
  153  144  139  136  131  127  125  128  135  141  142  138  127  115  106  101
  102  108  116  124  131  137  146  159  176  192  205  215  221  227  234  241
  249  257  268  277  284  286  285  285  291  302  314  322  322  318  314  312
  313  314  312  308  304  304  307  311  315  317  319  320  320  316  310  303
  298  293  286  272  250  222  193  169  153
    35.0-180.0 180.0   5.0 450.0                            LAT/LON1/LON2/DLON/H
  157  143  135  129  124  118  116  119  128  137  142  141  134  124  114  109
  109  114  123  131  138  146  156  171  189  207  219  225  228  231  237  245
  255  266  279  291  299  301  301  303  311  324  339  348  349  344  339  336
  337  340  342  344  350  358  366  368  363  353  342  335  333  332  329  324
  319  313  304  288  264  235  204  177  157
    32.5-180.0 180.0   5.0 450.0                            LAT/LON1/LON2/DLON/H
  176  157  144  134  125  117  112  113  121  132  140  143  140  132  123  117
  116  120  128  136  144  152  164  182  204  222  233  235  234  235  240  248
  259  272  287  301  311  315  316  321  333  351  369  381  384  381  377  377
  381  387  396  408  423  440  449  446  426  397  369  350  342  341  341  339
  335  329  320  305  283  257  228  200  176
    30.0-180.0 180.0   5.0 450.0                            LAT/LON1/LON2/DLON/H
  205  182  164  149  136  124  116  114  120  131  141  146  145  140  132  126
  123  126  133  141  149  158  172  193  217  237  246  245  240  238  242  250
  262  277  293  309  321  327  331  340  357  380  402  418  425  426  428  433
  444  458  475  496  519  540  548  534  497  447  399  366  350  347  347  347
  344  339  331  319  302  280  256  230  205
    27.5-180.0 180.0   5.0 450.0                            LAT/LON1/LON2/DLON/H
  237  211  189  170  154  140  130  125  128  137  146  152  153  149  143  137
  133  133  138  145  153  163  179  202  228  249  257  253  245  241  244  253
  266  281  299  317  331  340  347  360  381  408  434  454  467  476  486  500
  520  542  567  594  621  642  644  619  565  496  431  384  360  352  351  350
  347  342  335  325  313  299  282  261  237
    25.0-180.0 180.0   5.0 450.0                            LAT/LON1/LON2/DLON/H
  262  237  213  194  178  164  153  146  147  152  158  162  162  160  155  149
  144  141  144  149  156  166  184  209  236  256  263  257  248  244  248  257
  270  287  307  328  345  356  366  381  404  434  462  485  504  521  542  567
  595  626  656  684  710  724  718  683  618  537  461  405  374  361  355  351
  346  339  332  323  314  306  297  283  262
    22.5-180.0 180.0   5.0 450.0                            LAT/LON1/LON2/DLON/H
  275  253  231  213  200  189  180  174  172  173  174  174  172  169  165  160
  153  149  148  151  157  168  187  212  240  258  263  257  249  247  254  264
  278  296  318  342  362  376  388  404  427  455  482  507  530  555  585  620
  656  691  722  747  764  769  754  713  646  565  488  431  396  377  365  354
  344  333  322  311  303  299  297  290  275
    20.0-180.0 180.0   5.0 450.0                            LAT/LON1/LON2/DLON/H
  274  257  240  226  217  212  206  202  198  195  190  184  179  175  172  167
  160  153  149  150  156  167  186  212  238  255  259  253  249  252  262  274
  289  308  333  361  385  401  413  428  448  472  495  517  542  573  610  650
  690  725  752  767  772  766  745  705  647  577  511  460  425  401  381  362
  344  327  310  294  282  279  282  282  274
    17.5-180.0 180.0   5.0 450.0                            LAT/LON1/LON2/DLON/H
  262  252  239  230  227  227  226  223  219  212  202  190  181  176  174  169
  161  152  145  144  149  161  181  207  231  247  250  247  248  257  272  287
  303  324  352  383  410  429  441  453  468  484  500  517  541  573  613  654
  693  723  740  743  734  718  696  666  625  577  530  491  459  431  403  375
  348  323  298  274  258  252  257  263  262
    15.0-180.0 180.0   5.0 450.0                            LAT/LON1/LON2/DLON/H
  245  241  233  228  229  232  234  233  228  218  204  189  177  171  169  165
  157  146  137  134  138  150  170  196  220  235  240  241  247  263  283  301
  318  340  371  406  436  455  467  477  486  494  501  512  532  562  599  636
  667  688  694  684  665  643  625  610  593  571  547  522  495  465  429  391
  355  323  290  259  236  227  232  241  245
    12.5-180.0 180.0   5.0 450.0                            LAT/LON1/LON2/DLON/H
  232  231  226  223  225  229  231  230  224  212  196  179  167  161  160  156
  148  136  125  121  124  135  155  181  205  222  229  234  247  268  293  314
  333  355  387  424  456  477  488  496  501  502  501  505  520  545  576  604
  625  634  630  612  586  564  555  558  565  566  561  548  526  494  452  407
  365  326  288  252  223  210  213  224  232
    10.0-180.0 180.0   5.0 450.0                            LAT/LON1/LON2/DLON/H
  226  226  222  218  219  220  220  216  208  196  180  164  153  149  148  145
  137  125  113  107  108  117  136  162  188  207  219  229  247  273  301  325
  344  367  399  436  467  488  500  507  510  507  502  501  511  532  555  573
  582  582  570  548  524  509  512  531  553  569  573  565  546  513  469  420
  373  331  292  254  223  207  208  218  226
     7.5-180.0 180.0   5.0 450.0                            LAT/LON1/LON2/DLON/H
  230  229  223  218  215  212  207  198  187  173  159  147  139  136  136  134
  126  115  103   95   93   99  116  141  169  193  210  225  246  275  305  330
  351  374  404  438  468  487  499  507  511  509  502  500  509  526  542  552
  552  546  533  514  498  494  510  538  565  580  580  569  549  517  473  424
  377  336  299  264  234  218  216  224  230
     5.0-180.0 180.0   5.0 450.0                            LAT/LON1/LON2/DLON/H
  240  236  229  221  215  208  197  183  167  153  141  132  127  127  127  125
  118  108   98   89   83   84   97  120  151  179  202  221  244  274  304  330
  352  375  403  432  456  473  485  496  503  504  501  502  513  529  543  547
  544  537  528  519  516  526  551  580  598  597  580  557  532  502  462  417
  373  336  305  278  254  239  235  238  240
     2.5-180.0 180.0   5.0 450.0                            LAT/LON1/LON2/DLON/H
  251  244  235  227  221  212  197  177  156  139  128  122  120  121  121  118
  113  105   96   87   78   74   80  102  133  167  194  217  241  269  298  325
  348  371  395  418  436  448  460  472  484  491  495  502  518  537  552  558
  556  554  554  559  571  594  623  644  641  612  568  528  497  470  437  398
  360  330  308  290  274  262  256  254  251
