public/data/global.ionex
     1.0            IONOSPHERE MAPS     GNSS                IONEX VERSION / TYPE
ADDNEQ2 V5.5        AIUB                05-JUL-26 18:59     PGM / RUN BY / DATE 
CODE'S GLOBAL IONOSPHERE MAPS FOR DAY 182, 2026             COMMENT             
Global ionosphere maps (GIM) are generated on a daily basis DESCRIPTION         
at CODE using data from about 300 GNSS sites of the IGS and DESCRIPTION         
other institutions. The vertical total electron content     DESCRIPTION         
(VTEC) is modeled in a solar-geomagnetic reference frame    DESCRIPTION         
using a spherical harmonics expansion up to degree and      DESCRIPTION         
order 15. Piece-wise linear functions are used for          DESCRIPTION         
representation in the time domain. The time spacing of      DESCRIPTION         
their vertices is 1 hour, conforming with the epochs of the DESCRIPTION         
VTEC maps.                                                  DESCRIPTION         
To convert line-of-sight TEC into vertical TEC, a modified  DESCRIPTION         
single-layer model mapping function approximating the JPL   DESCRIPTION         
extended slab model mapping function is adopted. The        DESCRIPTION         
mapping function is evaluated at geodetic satellite         DESCRIPTION         
elevation angles. For the computation of the ionospheric    DESCRIPTION         
pierce points, a spherical layer with a radius of 6821 km   DESCRIPTION         
is assumed, implying geocentric, not geodetic IONEX         DESCRIPTION         
latitudes.                                                  DESCRIPTION         
Instrumental biases with respect to each involved GNSS code DESCRIPTION         
observable are estimated as constant values for each        DESCRIPTION         
day. They are modeled with one set of bias parameters for   DESCRIPTION         
each satellite and each station in case of GPS and for each DESCRIPTION         
satellite-station link in case of GLONASS. The code bias    DESCRIPTION         
datum is defined by zero-mean conditions imposed on the     DESCRIPTION         
satellite bias estimates. In this file, just GPS C1W-C2W    DESCRIPTION         
satellite and station bias values are included. The         DESCRIPTION         
complete set of GNSS code bias results is provided in an    DESCRIPTION         
additional Bias-SINEX file as pseudo-absolute values        DESCRIPTION         
specific to each observable.                                DESCRIPTION         
Note: These GIM results correspond to the results for the   DESCRIPTION         
middle day of a 3-day combination analysis solving for 73   DESCRIPTION         
times 256, or 18688 VTEC parameters and 3 daily sets of     DESCRIPTION         
GNSS code bias parameters.                                  DESCRIPTION         
Contact address: code(at)aiub.unibe.ch                      DESCRIPTION         
Data archive:    ftp.aiub.unibe.ch/CODE/                    DESCRIPTION         
                 www.aiub.unibe.ch/download/CODE/           DESCRIPTION         
  2026     7     1     0     0     0                        EPOCH OF FIRST MAP  
  2026     7     2     0     0     0                        EPOCH OF LAST MAP   
  3600                                                      INTERVAL            
[...]
badg bake barh bjfs bndy boav bogo bogt bor1 braz brft brst COMMENT             
brux bshm cags cas1 ccj2 cedu chpg chpi chti chur ckis cmum COMMENT             
coco cord cpvg cpxf cro1 daej darw dav1 dgar dhlg djig drao COMMENT             
dubi dubo ebre faa1 fair flin flrs frdn gamb ganp glps glsv COMMENT             
gode gol2 gold gope gras graz guam guug harb hers hert hlfx COMMENT             
hnpt hob2 hofn holb holm hrao iddr ieng iisc impz ineg iqal COMMENT             
irkj ispa jdpr jog2 joz2 joze karr kerg kir0 kiri kiru kit3 COMMENT             
kokb kokv kouc koug kour krgg lama laut lck4 lmmf lpal lpgs COMMENT             
m0se mac1 madr mal2 mas1 mat1 mate maui maw1 mcil mcm4 mdo1 COMMENT             
medi mgue mizu mkea mnls mobs monp morp mqzg mro1 mtka nano COMMENT             
naur nico nist nium nklg nlib nnor not1 nrc1 nrmd nya1 nyal COMMENT             
onsa ous2 park pdel penc pert pie1 pimo pohn pol2 pots pove COMMENT             
ptag ptbb ptvl qaq1 quin rbay reso reun reyk rgdg rio2 roth COMMENT             
salu samo sant sch2 scor scrz sctb seyg sfer smst spt0 sthl COMMENT             
stjo stk2 str2 suth sutm suwn sydn syog tash thtg thti thu2 COMMENT             
tid1 tidb tlse tn22 tow2 tro1 tskb tuva twtf txes uclu ufpr COMMENT             
ulab unb3 unbj unsa urum usn7 usud vald vill vtsp wab2 wark COMMENT             
wgtn whit will wind wsrt wtza wtzl wtzr wtzs wtzz xmis yar2 COMMENT             
yar3 yarr yell ykro zamb zeck zim2 zim3 zimm                COMMENT             
                                                            END OF HEADER       
[from data line 3003]
     8                                                      START OF TEC MAP    
  2026     7     1     7     0     0                        EPOCH OF CURRENT MAP
    87.5-180.0 180.0   5.0 450.0                            LAT/LON1/LON2/DLON/H
   89   90   91   91   92   93   94   95   96   97   98  100  101  102  103  104
  105  106  106  107  108  109  109  110  110  110  111  111  111  111  111  111
  111  111  110  110  110  109  109  108  108  107  107  106  106  105  104  104
  103  102  102  101  100   99   98   98   97   96   95   94   93   92   91   91
   90   89   89   89   89   89   89   89   89
    85.0-180.0 180.0   5.0 450.0                            LAT/LON1/LON2/DLON/H
   88   89   91   92   94   96   98  100  102  104  106  107  109  111  112  114
  115  116  117  119  120  121  122  122  123  124  125  125  125  125  125  125
  125  125  124  124  123  123  122  121  121  120  120  120  119  119  119  119
  119  119  119  119  118  117  116  114  113  111  108  106  103  101   98   96
   93   91   90   89   88   87   87   88   88
    82.5-180.0 180.0   5.0 450.0                            LAT/LON1/LON2/DLON/H
   96   97   99  102  104  107  109  111  113  115  117  118  119  120  121  122
  122  123  124  125  127  128  129  130  131  133  134  135  135  136  136  137
  137  136  136  136  135  135  134  134  134  134  135  136  137  139  141  143
  145  148  150  151  152  153  152  151  149  146  142  137  132  127  121  116
  111  106  102   99   97   95   95   95   96
    80.0-180.0 180.0   5.0 450.0                            LAT/LON1/LON2/DLON/H
  112  114  116  118  121  123  125  126  127  128  128  127  127  126  125  124
  124  124  125  125  126  128  129  131  132  134  136  137  139  140  141  142
  143  144  144  144  145  145  145  145  146  147  149  152  156  160  166  171
  178  184  190  195  200  203  204  204  202  198  192  185  177  168  159  150
  141  133  126  121  116  113  112  111  112
    77.5-180.0 180.0   5.0 450.0                            LAT/LON1/LON2/DLON/H
  135  136  137  139  141  142  143  143  142  140  137  134  131  127  124  122
  120  119  119  119  120  121  123  125  127  129  131  133  136  138  140  142
  144  146  148  149  150  151  153  154  156  158  162  167  173  181  190  200
  211  222  233  243  252  258  262  264  262  257  250  241  230  217  205  192
  180  169  159  151  144  140  137  135  135
    75.0-180.0 180.0   5.0 450.0                            LAT/LON1/LON2/DLON/H
  162  161  161  161  161  161  160  157  154  149  143  137  131  125  119  115
  112  110  110  110  111  113  115  117  119  121  123  126  128  131  134  137
  141  144  147  150  153  156  158  160  164  168  173  180  188  199  211  225
  240  255  271  285  297  307  314  317  316  311  303  292  279  265  249  234
  220  207  195  185  177  171  167  164  162
    72.5-180.0 180.0   5.0 450.0                            LAT/LON1/LON2/DLON/H
  188  185  182  180  178  176  172  168  162  155  146  137  129  120  113  108
  104  102  101  102  104  106  108  111  112  114  115  117  119  122  126  130
  135  140  145  150  154  158  162  165  170  175  182  190  200  212  226  242
  259  277  294  311  326  338  346  350  350  346  338  327  313  299  283  268
  254  241  230  220  211  203  197  192  188
    70.0-180.0 180.0   5.0 450.0                            LAT/LON1/LON2/DLON/H
  209  203  198  194  189  185  180  174  166  157  147  136  126  116  108  102
   98   96   96   97  100  102  105  107  108  109  109  110  112  115  119  124
  130  136  142  148  154  159  164  169  175  181  189  198  208  221  235  250
  266  283  300  316  331  343  351  356  357  354  346  336  324  311  299  286
  275  265  256  248  240  232  224  216  209
    67.5-180.0 180.0   5.0 450.0                            LAT/LON1/LON2/DLON/H
  223  214  207  200  195  189  183  176  168  158  147  136  125  115  106  100
   95   94   94   96   98  101  104  106  107  107  107  107  108  111  115  121
  128  135  142  149  155  161  166  172  179  186  194  203  214  225  236  249
  262  275  288  301  312  322  330  334  335  332  327  319  311  301  293  286
  280  275  270  265  259  252  243  233  223
    65.0-180.0 180.0   5.0 450.0                            LAT/LON1/LON2/DLON/H
  229  219  209  202  196  191  185  178  169  159  148  137  126  116  107  100
   96   94   94   95   98  101  104  106  107  107  107  107  109  113  118  124
  131  139  145  151  157  162  168  174  181  189  198  207  217  226  234  242
  249  256  263  270  277  283  288  291  291  290  287  282  277  273  270  268
  269  270  271  270  267  261  252  241  229
    62.5-180.0 180.0   5.0 450.0                            LAT/LON1/LON2/DLON/H
  228  217  208  202  197  193  187  181  172  162  151  140  129  119  110  102
   97   94   93   94   96   99  102  104  106  106  107  109  113  118  126  134
  141  148  153  157  161  165  170  176  183  192  201  210  218  225  229  231
  232  232  232  233  234  236  238  240  240  240  239  238  236  236  237  241
  246  253  259  263  263  258  250  239  228
    60.0-180.0 180.0   5.0 450.0                            LAT/LON1/LON2/DLON/H
  221  213  207  203  201  198  194  187  178  167  156  144  133  122  113  105
   98   93   91   90   92   94   97  100  103  105  107  112  118  128  138  148
  157  163  166  167  168  169  172  177  185  193  203  212  219  224  224  222
  217  212  206  201  198  196  196  196  197  197  198  199  199  201  205  210
  219  229  238  246  249  247  240  231  221
    57.5-180.0 180.0   5.0 450.0                            LAT/LON1/LON2/DLON/H
  214  210  208  209  210  209  205  198  187  175  162  149  137  125  115  105
   97   91   87   85   86   88   91   94   98  101  106  114  125  138  153  167
  177  182  182  180  176  174  175  179  186  194  204  213  220  223  222  217
  209  199  190  183  177  173  171  170  171  172  174  176  177  179  181  186
  194  204  215  224  229  230  226  220  214
    55.0-180.0 180.0   5.0 450.0                            LAT/LON1/LON2/DLON/H
  207  209  214  219  224  224  220  210  197  183  167  153  140  127  116  105
   95   88   83   80   80   82   86   89   93   98  105  115  131  150  171  189
  201  205  202  195  187  181  180  182  187  196  205  215  222  224  223  216
  208  198  189  181  175  171  168  167  168  169  172  173  174  174  173  174
  178  185  195  204  210  212  211  209  207
    52.5-180.0 180.0   5.0 450.0                            LAT/LON1/LON2/DLON/H
  205  212  222  233  239  240  234  223  207  190  172  157  142  129  116  104
   94   86   81   79   79   81   85   88   92   97  105  118  137  162  189  212
  226  229  222  211  199  190  186  186  190  198  207  216  224  227  226  221
  214  207  201  196  191  187  184  183  183  184  186  188  187  184  180  176
  175  177  183  191  196  200  201  202  205
    50.0-180.0 180.0   5.0 450.0                            LAT/LON1/LON2/DLON/H
  208  219  233  245  252  252  245  231  213  194  176  160  145  131  117  105
   94   87   84   83   85   87   90   94   97  101  108  122  145  175  208  236
  252  254  244  227  211  199  193  192  195  201  210  219  227  232  232  230
  227  223  221  220  218  215  211  208  206  207  209  210  210  205  198  190
  184  182  184  189  194  197  198  201  208
    47.5-180.0 180.0   5.0 450.0                            LAT/LON1/LON2/DLON/H
  216  227  241  253  259  256  246  231  213  195  179  164  150  135  121  109
   99   94   92   94   98  101  104  106  108  110  117  131  156  190  229  261
  279  279  264  243  223  209  202  200  202  206  214  223  232  238  240  241
  241  242  245  247  246  243  238  232  228  227  229  231  232  229  222  212
  203  198  198  201  204  205  206  209  216
    45.0-180.0 180.0   5.0 450.0                            LAT/LON1/LON2/DLON/H
  227  236  247  254  256  249  238  223  208  194  181  169  157  143  129  116
  107  104  106  111  116  120  123  124  124  126  132  146  172  209  251  286
  305  302  283  257  233  218  211  208  209  213  219  228  237  244  248  251
  254  259  265  270  271  267  259  249  242  238  239  244  248  249  245  237
  229  225  224  226  227  226  223  223  227
    42.5-180.0 180.0   5.0 450.0                            LAT/LON1/LON2/DLON/H
  242  245  248  249  244  233  220  208  198  190  183  176  167  155  141  128
  119  118  122  130  138  142  143  144  144  146  151  165  191  230  273  310
  328  323  299  268  242  227  220  217  217  219  225  234  243  251  256  260
  265  273  281  287  288  283  272  259  248  242  242  248  256  263  265  263
  259  257  258  259  259  255  248  243  242
    40.0-180.0 180.0   5.0 450.0                            LAT/LON1/LON2/DLON/H
  258  253  248  240  227  212  198  190  186  186  186  185  179  169  154  141
  132  132  139  149  158  162  163  164  165  168  175  188  213  251  295  331
  348  339  310  277  249  234  228  226  225  226  231  239  249  257  262  267
  274  283  294  301  303  297  284  269  254  245  243  250  262  275  284  289
  290  292  295  297  295  288  277  266  258
    37.5-180.0 180.0   5.0 450.0                            LAT/LON1/LON2/DLON/H
  276  264  250  232  211  192  178  174  178  185  191  194  191  182  168  153
  144  145  153  165  175  178  179  180  184  190  198  212  235  270  311  345
  359  348  317  282  255  241  236  234  233  233  236  244  254  262  268  273
  282  294  307  318  321  317  306  290  273  261  256  261  275  291  305  316
  322  327  331  333  330  321  306  290  276
    35.0-180.0 180.0   5.0 450.0                            LAT/LON1/LON2/DLON/H
  296  278  257  231  203  180  167  167  175  187  197  202  201  193  179  165
  155  156  165  178  188  191  192  194  201  210  221  234  254  284  319  349
  361  348  318  284  260  248  245  244  241  239  241  248  257  265  272  280
  292  308  326  342  351  352  345  332  315  300  292  293  303  319  335  346
  354  360  363  364  360  349  332  314  296
    32.5-180.0 180.0   5.0 450.0                            LAT/LON1/LON2/DLON/H
  317  296  270  240  208  182  169  171  181  194  204  208  207  200  187  173
  164  165  175  189  199  203  203  206  215  227  239  250  265  287  315  340
  349  339  313  284  265  257  255  254  250  246  246  251  259  268  278  289
  306  329  355  379  397  407  407  399  384  368  354  349  353  363  375  383
  388  389  389  387  381  370  354  336  317
    30.0-180.0 180.0   5.0 450.0                            LAT/LON1/LON2/DLON/H
  338  317  290  258  224  198  185  187  196  206  211  212  209  202  192  180
  173  174  185  200  211  215  215  219  228  241  252  259  265  278  297  316
  325  320  302  283  270  267  267  265  260  254  252  255  262  272  285  303
  327  358  393  428  457  477  487  486  474  457  440  427  422  422  425  425
  422  416  409  403  394  384  371  355  338
    27.5-180.0 180.0   5.0 450.0                            LAT/LON1/LON2/DLON/H
  357  338  313  283  250  224  211  211  217  221  219  213  207  202  194  186
  181  185  197  213  225  229  230  233  241  251  257  258  255  256  265  279
  290  293  288  281  278  279  281  279  272  265  260  260  266  278  296  321
  353  393  438  484  524  554  572  577  571  555  534  515  500  489  481  470
  457  441  426  413  403  393  384  372  357
    25.0-180.0 180.0   5.0 450.0                            LAT/LON1/LON2/DLON/H
  374  357  335  307  279  255  242  239  240  237  227  215  206  201  197  193
  192  197  211  227  241  247  248  248  252  256  255  246  233  223  223  233
  248  261  271  279  286  292  295  293  286  277  270  269  274  289  312  344
  384  431  484  537  585  622  646  655  652  639  619  596  573  554  534  513
  489  464  440  422  409  401  395  386  374
    22.5-180.0 180.0   5.0 450.0                            LAT/LON1/LON2/DLON/H
  385  368  348  326  301  281  268  264  260  251  235  218  206  202  202  203
  205  212  226  242  256  264  265  262  260  255  244  226  204  184  177  184
  204  230  256  278  294  304  307  305  299  291  284  282  288  305  335  373
  417  468  523  580  630  668  691  702  702  692  676  654  629  603  577  549
  518  485  455  432  418  411  406  398  385
    20.0-180.0 180.0   5.0 450.0                            LAT/LON1/LON2/DLON/H
  391  371  351  332  313  296  285  280  275  263  245  225  212  209  211  215
  219  226  239  254  268  276  277  271  261  246  226  200  170  144  132  139
  164  202  242  277  301  313  316  315  311  306  301  299  307  328  362  404
  450  499  551  604  650  682  701  708  709  706  696  679  657  632  604  574
  540  505  472  447  432  425  419  408  391
    17.5-180.0 180.0   5.0 450.0                            LAT/LON1/LON2/DLON/H
  391  365  344  327  312  298  289  285  282  272  255  236  224  221  224  228
  233  238  248  260  272  280  280  271  254  230  201  169  136  108   95  103
  134  181  232  277  305  318  320  319  320  320  318  319  330  355  394  437
  480  522  566  609  646  668  676  678  679  681  681  674  659  638  614  586
  556  523  491  467  452  443  433  416  391
    15.0-180.0 180.0   5.0 450.0                            LAT/LON1/LON2/DLON/H
  388  354  329  312  300  290  283  281  282  278  267  252  241  237  239  242
  243  245  250  257  266  272  271  260  237  207  172  137  105   80   69   80
  114  167  226  275  305  316  317  318  324  330  334  339  354  384  426  469
  506  538  570  601  625  634  631  626  627  635  644  647  641  628  610  589
  565  538  511  489  474  463  448  423  388
    12.5-180.0 180.0   5.0 450.0                            LAT/LON1/LON2/DLON/H
  385  343  314  297  286  277  272  273  279  283  279  270  261  256  254  252
  249  246  244  245  249  252  251  238  213  178  142  109   82   63   56   69
  106  161  222  272  301  309  309  312  322  336  346  356  376  411  456  497
  527  548  568  588  600  599  587  577  578  591  607  618  619  612  601  586
  570  550  528  509  496  483  463  429  385
    10.0-180.0 180.0   5.0 450.0                            LAT/LON1/LON2/DLON/H
  385  338  306  289  279  270  265  267  278  289  293  289  281  273  266  258
  249  240  232  227  225  225  222  209  184  149  115   86   66   55   54   69
  105  159  217  265  291  297  295  301  316  336  351  366  391  431  479  519
  544  557  568  581  587  579  564  552  555  571  590  604  608  603  594  583
  571  557  540  525  512  498  474  434  385
     7.5-180.0 180.0   5.0 450.0                            LAT/LON1/LON2/DLON/H
  389  343  312  296  286  276  269  272  284  298  306  305  297  286  273  258
  243  228  216  205  199  196  191  179  155  124   93   71   59   54   59   75
  109  158  212  255  278  281  280  287  306  330  349  368  396  441  492  533
  556  566  575  587  593  588  575  567  573  589  606  616  615  607  595  583
  571  558  544  531  519  504  479  438  389
     5.0-180.0 180.0   5.0 450.0                            LAT/LON1/LON2/DLON/H
  397  358  333  320  311  300  290  289  299  311  318  316  306  291  273  252
  232  214  198  185  175  169  164  153  132  105   79   63   56   58   66   82
  112  155  203  241  261  265  264  273  294  319  340  360  391  438  493  537
  562  576  590  607  621  625  622  622  631  645  655  655  643  625  605  585
  568  553  539  526  514  500  476  441  397
     2.5-180.0 180.0   5.0 450.0                            LAT/LON1/LON2/DLON/H
  408  381  365  357  350  338  326  320  323  328  329  322  308  289  266  241
  218  198  182  169  158  150  143  133  116   93   73   60   58   62   71   87
  113  149  191  225  244  249  250  260  281  305  324  343  374  423  481  530
  561  583  607  637  663  681  692  703  716  725  724  709  683  652  619  587
  561  540  523  510  498  485  466  440  408
