public/data/global.ionex
     1.0            IONOSPHERE MAPS     GNSS                IONEX VERSION / TYPE
IONINX V5.5         AIUB                26-JUN-26 08:18     PGM / RUN BY / DATE 
CODE'S 1-DAY PREDICTED IONOSPHERE MAPS FOR DAY 177, 2026    COMMENT             
Global ionosphere maps (GIM) are generated on a daily basis DESCRIPTION         
at CODE using data from about 120 GNSS sites of the IGS and DESCRIPTION         
other institutions. The vertical total electron content     DESCRIPTION         
(VTEC) is modeled in a solar-geomagnetic reference frame    DESCRIPTION         
using a spherical harmonics expansion up to degree and      DESCRIPTION         
order 15. Piece-wise linear functions are used for          DESCRIPTION         
representation in the time domain. The time spacing of      DESCRIPTION         
their vertices is 1 hour, conforming with the epochs of the DESCRIPTION         
VTEC maps.                                                  DESCRIPTION         
To convert line-of-sight TEC into vertical TEC, a modified  DESCRIPTION         
single-layer model mapping function approximating the JPL   DESCRIPTION         
extended slab model mapping function is adopted. The        DESCRIPTION         
mapping function is evaluated at geodetic satellite         DESCRIPTION         
elevation angles. For the computation of the ionospheric    DESCRIPTION         
pierce points, a spherical layer with a radius of 6821 km   DESCRIPTION         
is assumed, implying geocentric, not geodetic IONEX         DESCRIPTION         
latitudes.                                                  DESCRIPTION         
Instrumental biases with respect to each involved GNSS code DESCRIPTION         
observable are estimated as constant values for each        DESCRIPTION         
day. They are modeled with one set of bias parameters for   DESCRIPTION         
each satellite and each station in case of GPS and for each DESCRIPTION         
satellite-station link in case of GLONASS. The code bias    DESCRIPTION         
datum is defined by zero-mean conditions imposed on the     DESCRIPTION         
satellite bias estimates. In this file, just GPS C1W-C2W    DESCRIPTION         
satellite and station bias values are included. The         DESCRIPTION         
complete set of GNSS code bias results is provided in an    DESCRIPTION         
additional Bias-SINEX file as pseudo-absolute values        DESCRIPTION         
specific to each observable.                                DESCRIPTION         
Contact address: code(at)aiub.unibe.ch                      DESCRIPTION         
Data archive:    ftp.aiub.unibe.ch/CODE/                    DESCRIPTION         
                 www.aiub.unibe.ch/download/CODE/           DESCRIPTION         
  2026     6    26     0     0     0                        EPOCH OF FIRST MAP  
  2026     6    27     0     0     0                        EPOCH OF LAST MAP   
  3600                                                      INTERVAL            
    25                                                      # OF MAPS IN FILE   
  NONE                                                      MAPPING FUNCTION    
    10.0                                                    ELEVATION CUTOFF    
One-way carrier phase leveled to code                       OBSERVABLES USED    
  6371.0                                                    BASE RADIUS         
     2                                                      MAP DIMENSION       
   450.0 450.0   0.0                                        HGT1 / HGT2 / DHGT  
    87.5 -87.5  -2.5                                        LAT1 / LAT2 / DLAT  
  -180.0 180.0   5.0                                        LON1 / LON2 / DLON  
    -1                                                      EXPONENT            
TEC/RMS values in 0.1 TECU; 9999, if no value available     COMMENT             
                                                            END OF HEADER       
[from data line 3861]
    10                                                      START OF TEC MAP    
  2026     6    26     9     0     0                        EPOCH OF CURRENT MAP
    87.5-180.0 180.0   5.0 450.0                            LAT/LON1/LON2/DLON/H
  145  146  146  146  146  147  147  147  148  148  149  149  149  150  150  151
  151  151  152  152  152  153  153  153  153  153  153  153  153  153  153  153
  153  153  153  152  152  152  152  152  151  151  151  151  150  150  150  150
  150  149  149  149  149  148  148  148  148  147  147  147  146  146  146  146
  146  145  145  145  145  145  145  145  145
    85.0-180.0 180.0   5.0 450.0                            LAT/LON1/LON2/DLON/H
  145  145  145  146  146  146  147  147  148  149  149  150  151  152  152  153
  154  154  155  155  156  156  156  157  157  157  157  157  157  157  156  156
  156  156  156  156  156  155  155  155  155  155  155  155  155  155  155  155
  155  155  155  155  155  154  154  154  153  153  153  152  151  151  150  149
  149  148  148  147  146  146  146  145  145
    82.5-180.0 180.0   5.0 450.0                            LAT/LON1/LON2/DLON/H
  149  149  148  148  147  147  148  148  148  149  150  151  151  152  153  154
  154  155  155  156  156  156  156  156  156  156  156  156  156  156  157  157
  157  157  157  158  158  158  159  159  160  160  161  161  162  163  164  165
  166  166  167  168  168  168  168  168  168  168  167  166  165  164  163  161
  160  158  157  155  154  153  151  150  149
    80.0-180.0 180.0   5.0 450.0                            LAT/LON1/LON2/DLON/H
  157  155  153  152  151  150  149  149  149  149  149  149  150  150  151  152
  152  152  153  153  153  153  152  152  152  152  152  152  152  153  153  154
  155  156  157  158  160  161  162  163  165  166  168  170  172  174  177  179
  181  183  185  187  188  189  190  190  190  189  189  188  186  185  183  181
  179  176  173  170  168  165  162  160  157
    77.5-180.0 180.0   5.0 450.0                            LAT/LON1/LON2/DLON/H
  168  164  160  157  155  153  151  149  148  148  147  147  147  147  147  147
  147  148  147  147  147  146  146  145  144  144  144  144  145  146  148  150
  152  154  157  159  162  164  167  169  172  174  177  180  184  188  192  196
  200  203  207  209  211  213  214  215  215  215  214  213  212  210  208  205
  202  199  195  190  186  181  176  172  168
    75.0-180.0 180.0   5.0 450.0                            LAT/LON1/LON2/DLON/H
  178  172  167  163  158  155  152  149  147  145  144  143  142  142  142  142
  142  142  141  141  140  139  138  137  137  136  136  137  138  140  142  146
  149  153  157  161  165  169  173  176  180  183  188  192  197  202  208  213
  218  223  227  231  233  235  236  237  237  237  237  236  236  234  232  230
  226  222  216  211  204  197  191  184  178
    72.5-180.0 180.0   5.0 450.0                            LAT/LON1/LON2/DLON/H
  186  178  171  166  160  156  151  148  145  142  140  139  138  137  137  137
  136  136  136  135  135  134  133  132  131  131  131  131  133  136  139  144
  149  155  160  166  171  176  180  185  189  194  198  204  210  216  222  228
  234  239  243  246  248  249  250  250  250  251  251  252  252  252  251  248
  245  240  234  227  219  211  202  194  186
    70.0-180.0 180.0   5.0 450.0                            LAT/LON1/LON2/DLON/H
  189  180  172  165  159  154  149  144  141  137  135  133  132  132  131  131
  132  132  131  131  131  130  130  129  129  129  129  130  133  136  140  146
  152  159  166  172  178  184  189  194  199  204  209  215  221  227  233  239
  244  248  251  252  253  252  252  251  251  252  253  255  257  258  259  258
  255  251  244  236  227  218  208  198  189
    67.5-180.0 180.0   5.0 450.0                            LAT/LON1/LON2/DLON/H
  187  178  170  163  156  150  144  139  135  131  129  127  126  126  126  126
  127  127  127  127  127  128  128  129  130  131  132  134  136  140  145  151
  158  165  172  180  187  193  198  203  208  213  218  223  229  234  239  244
  247  249  249  248  246  244  242  240  240  241  243  247  251  254  256  257
  255  251  245  237  228  218  207  197  187
    65.0-180.0 180.0   5.0 450.0                            LAT/LON1/LON2/DLON/H
  183  175  166  159  151  144  138  132  127  123  121  119  119  119  120  121
  121  121  122  122  123  125  127  130  132  134  137  139  143  147  152  158
  165  172  180  187  194  200  206  211  216  221  226  230  234  238  241  243
  243  243  240  236  232  227  223  221  220  222  225  230  236  241  245  246
  246  243  238  231  223  213  203  193  183
    62.5-180.0 180.0   5.0 450.0                            LAT/LON1/LON2/DLON/H
  181  173  165  157  149  140  133  125  119  115  112  111  111  112  113  113
  114  114  114  115  117  120  124  129  134  138  142  146  149  154  159  165
  172  179  186  193  200  206  212  217  222  227  231  234  237  239  239  238
  236  232  227  221  214  208  203  200  199  202  206  213  219  225  229  232
  232  231  227  222  215  207  198  189  181
    60.0-180.0 180.0   5.0 450.0                            LAT/LON1/LON2/DLON/H
  183  176  168  159  150  140  130  121  113  107  103  102  102  103  104  104
  104  104  104  105  108  112  119  126  133  139  145  150  154  159  164  171
  177  185  192  198  204  210  215  221  226  230  234  237  238  238  235  232
  227  221  214  207  200  193  188  185  185  188  193  200  206  212  216  218
  219  218  217  213  209  203  197  190  183
    57.5-180.0 180.0   5.0 450.0                            LAT/LON1/LON2/DLON/H
  192  185  178  168  157  145  132  120  109  101   96   94   94   94   95   95
   94   93   92   93   96  102  110  120  129  138  145  151  156  162  168  175
  182  189  197  203  208  214  219  223  228  233  236  238  238  236  232  227
  221  214  207  200  193  187  183  181  182  185  190  196  202  206  208  210
  210  211  211  210  209  206  202  197  192
    55.0-180.0 180.0   5.0 450.0                            LAT/LON1/LON2/DLON/H
  207  201  194  183  170  155  140  124  111  101   94   90   88   87   87   86
   84   82   81   82   85   92  102  113  124  134  142  149  156  162  169  177
  186  195  202  209  214  218  222  227  231  236  239  240  239  236  231  225
  219  213  207  202  198  194  191  190  191  194  199  204  207  209  209  209
  209  211  213  214  216  216  214  211  207
    52.5-180.0 180.0   5.0 450.0                            LAT/LON1/LON2/DLON/H
  226  221  213  202  187  171  152  135  119  106   96   90   86   84   82   79
   77   74   72   73   77   84   94  106  118  129  138  146  153  161  170  180
  191  201  210  217  222  225  229  232  236  240  243  244  242  239  234  229
  224  219  216  214  212  210  209  209  210  213  217  219  220  219  217  216
  216  218  222  226  229  231  231  229  226
    50.0-180.0 180.0   5.0 450.0                            LAT/LON1/LON2/DLON/H
  244  239  231  219  205  187  168  149  131  117  105   96   90   85   81   77
   74   70   69   69   73   80   91  103  115  126  136  144  152  160  171  184
  198  211  221  229  233  236  239  242  245  248  250  250  249  246  242  238
  234  232  232  232  232  233  233  233  234  236  237  238  237  234  230  228
  228  232  237  242  247  249  249  247  244
    47.5-180.0 180.0   5.0 450.0                            LAT/LON1/LON2/DLON/H
  256  250  242  231  217  201  183  164  147  132  119  108   98   91   85   80
   75   72   70   71   75   82   92  104  116  127  137  145  153  163  175  191
  207  223  235  244  248  251  253  255  257  259  260  261  259  257  254  251
  250  249  250  252  254  255  256  255  255  255  256  255  252  248  244  242
  243  248  254  260  264  265  264  261  256
    45.0-180.0 180.0   5.0 450.0                            LAT/LON1/LON2/DLON/H
  260  253  244  234  222  208  193  178  163  149  136  123  112  101   93   86
   81   78   76   77   81   88   98  109  121  132  142  150  158  169  182  200
  218  236  250  260  265  268  270  271  273  274  275  275  274  272  270  269
  268  268  270  272  274  275  274  272  270  269  268  266  263  259  255  255
  258  264  271  276  278  276  272  267  260
    42.5-180.0 180.0   5.0 450.0                            LAT/LON1/LON2/DLON/H
  255  246  236  227  218  207  197  186  176  165  153  140  127  115  104   96
   91   87   86   87   91   97  107  118  130  142  152  160  168  178  192  210
  230  249  265  276  282  286  288  289  291  292  292  292  291  290  289  288
  287  287  287  288  289  288  287  283  280  277  275  273  270  267  265  266
  271  278  285  288  287  282  274  265  255
    40.0-180.0 180.0   5.0 450.0                            LAT/LON1/LON2/DLON/H
  245  233  222  213  205  198  193  187  182  176  167  155  142  129  117  108
  102   98   96   97  101  107  116  127  140  153  164  173  181  191  204  222
  242  261  277  289  296  301  305  307  309  310  310  310  309  309  308  308
  306  304  302  301  300  299  296  292  287  283  281  279  277  275  275  278
  284  292  297  297  293  284  272  259  245
    37.5-180.0 180.0   5.0 450.0                            LAT/LON1/LON2/DLON/H
  236  220  206  196  189  185  183  183  182  180  176  167  155  142  131  121
  114  109  107  108  111  117  125  136  150  164  177  187  195  204  216  232
  250  269  285  297  307  313  319  323  326  328  328  327  327  327  327  326
  324  321  317  314  313  311  308  304  299  295  292  290  289  287  288  292
  298  305  308  306  298  285  270  253  236
    35.0-180.0 180.0   5.0 450.0                            LAT/LON1/LON2/DLON/H
  233  213  196  183  175  172  172  175  178  180  179  174  165  154  143  134
  126  120  117  117  120  125  133  144  158  174  189  200  208  216  225  240
  256  274  289  302  313  322  330  335  339  342  342  342  342  343  343  343
  341  337  333  330  330  330  328  325  321  317  315  313  311  308  308  311
  316  320  321  315  305  290  273  254  233
    32.5-180.0 180.0   5.0 450.0                            LAT/LON1/LON2/DLON/H
  240  216  195  180  170  166  165  168  172  177  179  178  173  165  156  147
  138  132  127  126  128  132  139  149  163  180  197  209  218  224  233  245
  260  276  291  304  317  328  337  344  349  351  352  353  353  355  356  357
  356  354  352  352  355  358  360  359  356  353  351  348  345  340  337  337
  339  340  337  329  316  301  283  263  240
    30.0-180.0 180.0   5.0 450.0                            LAT/LON1/LON2/DLON/H
  257  232  207  188  176  169  166  167  170  174  179  181  180  175  168  160
  151  143  138  136  136  139  145  153  166  183  200  214  223  229  237  248
  262  277  291  306  320  332  342  349  354  356  357  359  360  363  366  370
  372  373  376  380  388  397  403  405  404  401  399  395  389  381  373  368
  366  363  356  346  332  317  301  281  257
    27.5-180.0 180.0   5.0 450.0                            LAT/LON1/LON2/DLON/H
  281  255  229  208  193  183  177  174  174  177  181  186  187  186  181  173
  164  156  149  146  146  147  150  157  167  183  199  213  223  231  239  250
  264  278  294  309  324  338  347  353  356  357  359  361  364  368  374  381
  388  395  403  414  428  442  452  457  457  455  451  446  437  425  413  403
  396  388  377  364  350  336  322  304  281
    25.0-180.0 180.0   5.0 450.0                            LAT/LON1/LON2/DLON/H
  304  280  255  234  218  206  197  190  186  186  189  193  197  197  193  186
  177  168  161  157  156  156  156  159  167  179  194  209  220  230  240  252
  266  282  298  316  332  345  354  357  357  357  358  361  365  372  381  392
  404  417  432  450  469  487  499  506  506  504  500  493  482  467  451  436
  424  411  397  381  366  353  340  324  304
    22.5-180.0 180.0   5.0 450.0                            LAT/LON1/LON2/DLON/H
  320  299  278  259  244  233  223  213  205  201  201  204  207  208  205  198
  189  180  172  167  165  163  161  161  165  174  187  201  215  228  241  255
  271  288  306  326  343  356  362  363  360  358  358  362  369  378  389  404
  421  440  461  483  505  524  537  543  543  540  535  528  516  499  481  463
  447  430  412  393  376  362  350  336  320
    20.0-180.0 180.0   5.0 450.0                            LAT/LON1/LON2/DLON/H
  322  306  290  276  264  255  246  236  226  219  216  216  218  218  214  207
  198  188  179  174  170  167  164  161  161  167  178  193  209  225  242  259
  277  296  317  338  357  369  374  371  366  362  362  367  375  387  401  418
  439  462  486  510  532  549  560  564  563  559  554  546  534  518  499  480
  462  442  420  398  377  361  347  336  322
    17.5-180.0 180.0   5.0 450.0                            LAT/LON1/LON2/DLON/H
  311  300  289  280  273  268  263  255  245  235  229  227  226  223  218  210
  201  191  182  175  171  167  162  158  156  160  169  185  203  224  244  264
  284  305  328  352  371  383  386  382  376  371  371  377  387  400  416  436
  458  483  507  530  548  561  568  569  566  561  556  548  538  523  507  488
  469  447  422  395  370  349  333  321  311
    15.0-180.0 180.0   5.0 450.0                            LAT/LON1/LON2/DLON/H
  289  283  277  272  269  269  268  264  256  246  237  232  228  223  216  207
  198  188  179  171  165  161  156  152  149  151  161  177  199  223  246  269
  290  313  338  364  384  396  398  394  388  384  385  391  403  418  436  456
  478  502  524  542  554  561  563  562  558  553  547  540  531  519  505  489
  469  446  418  387  358  332  312  298  289
    12.5-180.0 180.0   5.0 450.0                            LAT/LON1/LON2/DLON/H
  265  261  257  255  255  257  261  261  256  247  237  229  222  215  206  197
  189  179  170  161  155  150  146  142  140  143  153  171  195  223  249  273
  295  320  346  372  393  405  408  405  401  398  400  408  421  437  456  476
  498  519  537  549  555  556  554  551  547  542  536  529  521  512  500  485
  466  441  412  378  345  315  291  274  265
    10.0-180.0 180.0   5.0 450.0                            LAT/LON1/LON2/DLON/H
  248  243  239  236  235  239  245  248  245  237  227  217  209  200  191  183
  175  167  158  149  141  137  134  132  131  134  145  165  192  222  250  275
  298  323  350  376  396  408  412  412  411  411  414  423  436  454  474  494
  515  533  547  554  554  551  547  545  542  537  531  523  514  505  495  481
  462  437  406  372  337  304  277  258  248
     7.5-180.0 180.0   5.0 450.0                            LAT/LON1/LON2/DLON/H
  243  236  229  223  218  219  224  229  227  220  209  198  189  180  172  165
  159  153  145  136  128  124  122  122  122  127  138  159  188  220  250  275
  299  324  351  376  394  404  410  412  415  417  422  431  446  465  486  507
  527  544  555  559  556  551  548  547  547  544  536  525  514  504  493  478
  458  433  403  370  336  304  276  255  243
     5.0-180.0 180.0   5.0 450.0                            LAT/LON1/LON2/DLON/H
  253  243  233  221  210  206  207  210  207  199  188  177  167  159  152  148
  144  140  134  126  118  114  113  113  115  120  132  153  183  216  247  273
  297  322  348  370  386  394  399  405  410  415  420  429  445  465  488  510
  531  548  559  562  559  555  555  558  561  559  549  535  520  506  492  475
  454  429  400  371  343  314  288  267  253
     2.5-180.0 180.0   5.0 450.0                            LAT/LON1/LON2/DLON/H
  276  263  248  231  214  203  199  197  191  181  168  156  147  141  136  133
  132  131  126  119  112  108  107  108  109  113  124  146  176  210  241  268
  293  318  342  361  373  378  382  389  396  402  407  416  431  453  478  503
  525  544  557  561  561  560  564  572  578  575  563  545  525  507  489  470
  447  422  397  374  352  331  309  291  276
