public/data/global.ionex
     1.0            IONOSPHERE MAPS     GNSS                IONEX VERSION / TYPE
ADDNEQ2 V5.5        AIUB                03-JUL-26 19:02     PGM / RUN BY / DATE 
CODE'S GLOBAL IONOSPHERE MAPS FOR DAY 180, 2026             COMMENT             
Global ionosphere maps (GIM) are generated on a daily basis DESCRIPTION         
at CODE using data from about 300 GNSS sites of the IGS and DESCRIPTION         
other institutions. The vertical total electron content     DESCRIPTION         
(VTEC) is modeled in a solar-geomagnetic reference frame    DESCRIPTION         
using a spherical harmonics expansion up to degree and      DESCRIPTION         
order 15. Piece-wise linear functions are used for          DESCRIPTION         
representation in the time domain. The time spacing of      DESCRIPTION         
their vertices is 1 hour, conforming with the epochs of the DESCRIPTION         
VTEC maps.                                                  DESCRIPTION         
To convert line-of-sight TEC into vertical TEC, a modified  DESCRIPTION         
single-layer model mapping function approximating the JPL   DESCRIPTION         
extended slab model mapping function is adopted. The        DESCRIPTION         
mapping function is evaluated at geodetic satellite         DESCRIPTION         
elevation angles. For the computation of the ionospheric    DESCRIPTION         
pierce points, a spherical layer with a radius of 6821 km   DESCRIPTION         
is assumed, implying geocentric, not geodetic IONEX         DESCRIPTION         
latitudes.                                                  DESCRIPTION         
Instrumental biases with respect to each involved GNSS code DESCRIPTION         
observable are estimated as constant values for each        DESCRIPTION         
day. They are modeled with one set of bias parameters for   DESCRIPTION         
each satellite and each station in case of GPS and for each DESCRIPTION         
satellite-station link in case of GLONASS. The code bias    DESCRIPTION         
datum is defined by zero-mean conditions imposed on the     DESCRIPTION         
satellite bias estimates. In this file, just GPS C1W-C2W    DESCRIPTION         
satellite and station bias values are included. The         DESCRIPTION         
complete set of GNSS code bias results is provided in an    DESCRIPTION         
additional Bias-SINEX file as pseudo-absolute values        DESCRIPTION         
specific to each observable.                                DESCRIPTION         
Note: These GIM results correspond to the results for the   DESCRIPTION         
middle day of a 3-day combination analysis solving for 73   DESCRIPTION         
times 256, or 18688 VTEC parameters and 3 daily sets of     DESCRIPTION         
GNSS code bias parameters.                                  DESCRIPTION         
Contact address: code(at)aiub.unibe.ch                      DESCRIPTION         
Data archive:    ftp.aiub.unibe.ch/CODE/                    DESCRIPTION         
                 www.aiub.unibe.ch/download/CODE/           DESCRIPTION         
  2026     6    29     0     0     0                        EPOCH OF FIRST MAP  
  2026     6    30     0     0     0                        EPOCH OF LAST MAP   
  3600                                                      INTERVAL            
[...]
azgb badg bake barh bjfs bndy boav bogo bogt bor1 braz brft COMMENT             
brst brux bshm cags cas1 ccj2 cedu chpg chpi chti chur ckis COMMENT             
cmum coco cord cpvg cpxf cro1 daej darw dav1 dgar dhlg djig COMMENT             
drao dubi dubo ebre faa1 fair flin flrs frdn gamb ganp glps COMMENT             
glsv gode gol2 gold gope gras graz guam guug harb hers hert COMMENT             
hlfx hnpt hob2 hofn holb holm hrao iddr ieng iisc impz ineg COMMENT             
iqal irkj ispa jdpr jog2 joz2 joze karr kerg kir0 kiri kiru COMMENT             
kit3 kokb kokv kouc koug kour krgg lama laut lck4 lmmf lpal COMMENT             
lpgs m0se mac1 madr mal2 mas1 mat1 mate maui maw1 mcil mcm4 COMMENT             
mdo1 medi mgue mizu mkea mnls mobs monp morp mqzg mro1 mtka COMMENT             
nano naur nico nist nium nklg nlib nnor not1 nrc1 nrmd nya1 COMMENT             
nyal onsa ous2 parc park pdel penc pert pie1 pimo pohn pol2 COMMENT             
pots pove ptag ptbb ptvl qaq1 quin rbay reso reun reyk rgdg COMMENT             
rio2 roth salu samo sant sch2 scor scrz sctb seyg sfer smst COMMENT             
spt0 ssia sthl stjo stk2 str2 suth sutm suwn sydn syog tash COMMENT             
thtg thti thu2 tid1 tidb tlse tn22 tow2 tro1 tskb tuva twtf COMMENT             
txes uclu ulab unb3 unbj unsa urum usn7 usud vald vill vtsp COMMENT             
wab2 wark wgtn whit will wind wsrt wtza wtzl wtzr wtzs wtzz COMMENT             
xmis yar2 yar3 yarr yell ykro zamb zeck zim2 zim3 zimm      COMMENT             
                                                            END OF HEADER       
[from data line 8151]
    20                                                      START OF TEC MAP    
  2026     6    29    19     0     0                        EPOCH OF CURRENT MAP
    87.5-180.0 180.0   5.0 450.0                            LAT/LON1/LON2/DLON/H
  215  215  215  215  215  215  215  215  215  215  215  215  215  215  215  215
  215  214  214  214  213  213  212  212  211  211  210  209  208  208  207  206
  206  205  205  204  204  203  203  203  203  203  203  203  204  204  205  205
  206  207  207  208  209  209  210  211  211  212  213  213  214  214  214  214
  215  215  215  215  215  215  215  215  215
    85.0-180.0 180.0   5.0 450.0                            LAT/LON1/LON2/DLON/H
  219  218  218  218  218  219  219  219  220  220  221  221  222  222  222  222
  222  222  222  221  221  220  219  218  217  215  214  213  211  209  208  206
  204  203  202  200  199  198  197  197  197  197  197  198  199  200  202  203
  205  207  209  211  213  215  216  218  219  220  221  222  223  223  223  223
  223  222  222  221  221  220  220  219  219
    82.5-180.0 180.0   5.0 450.0                            LAT/LON1/LON2/DLON/H
  220  219  219  219  219  219  220  221  222  223  225  226  227  228  229  230
  230  230  230  229  229  228  227  225  224  222  220  218  216  213  211  208
  206  203  201  199  197  195  194  193  192  193  193  194  196  198  201  203
  207  210  214  217  220  223  226  229  231  232  233  234  234  234  233  233
  232  230  229  227  225  224  222  221  220
    80.0-180.0 180.0   5.0 450.0                            LAT/LON1/LON2/DLON/H
  220  219  218  217  218  218  220  221  223  225  227  229  231  233  234  235
  235  236  235  235  234  234  232  231  230  228  226  223  221  218  215  212
  209  206  203  200  197  195  193  191  190  190  191  192  194  197  201  205
  210  215  220  225  229  234  237  240  242  244  245  245  245  244  243  241
  239  237  235  232  230  227  224  222  220
    77.5-180.0 180.0   5.0 450.0                            LAT/LON1/LON2/DLON/H
  221  219  217  217  217  218  219  221  224  227  229  232  234  236  237  237
  238  238  237  237  236  236  235  234  232  231  229  226  224  221  218  215
  212  209  205  202  199  196  193  191  190  190  190  192  194  198  202  207
  213  219  225  231  237  241  245  248  250  251  252  252  251  250  248  247
  245  242  240  237  234  231  227  224  221
    75.0-180.0 180.0   5.0 450.0                            LAT/LON1/LON2/DLON/H
  226  222  220  219  218  219  221  223  226  229  232  235  236  237  238  237
  237  236  235  235  234  234  233  232  231  230  228  226  224  222  219  216
  213  210  207  204  200  197  194  192  191  190  190  192  194  198  203  208
  215  221  228  234  239  243  247  249  251  251  251  251  250  249  248  247
  246  245  244  242  239  236  233  229  226
    72.5-180.0 180.0   5.0 450.0                            LAT/LON1/LON2/DLON/H
  235  231  228  225  224  225  226  228  231  234  237  239  239  239  238  237
  235  233  232  231  230  230  229  229  228  227  225  223  221  219  217  214
  212  209  206  203  201  198  195  193  191  190  190  191  194  197  202  207
  213  219  225  230  235  238  240  242  242  242  241  241  241  241  242  243
  245  247  248  248  248  246  243  239  235
    70.0-180.0 180.0   5.0 450.0                            LAT/LON1/LON2/DLON/H
  248  244  240  237  235  235  236  237  240  242  244  244  244  242  239  236
  233  230  227  226  226  226  226  225  224  223  221  218  216  214  212  210
  208  206  204  201  199  197  195  193  192  191  191  192  193  196  200  205
  209  214  218  222  224  226  226  226  225  225  224  224  225  227  231  236
  241  247  252  256  258  258  256  253  248
    67.5-180.0 180.0   5.0 450.0                            LAT/LON1/LON2/DLON/H
  264  260  255  252  249  248  248  249  250  252  252  252  250  247  242  237
  232  228  225  224  223  224  223  223  221  219  216  213  211  209  207  206
  204  203  201  199  197  195  194  193  192  192  192  193  194  196  198  201
  203  206  207  208  208  207  206  205  203  203  203  204  207  211  218  226
  236  246  256  263  269  271  271  268  264
    65.0-180.0 180.0   5.0 450.0                            LAT/LON1/LON2/DLON/H
  279  275  271  267  265  263  261  261  261  262  262  260  257  253  247  240
  234  229  226  224  224  224  224  223  220  217  213  210  208  206  205  205
  203  202  200  198  196  195  194  194  195  195  195  195  195  196  196  197
  197  197  195  193  190  187  184  181  180  180  181  184  188  195  205  216
  230  244  258  270  278  282  284  282  279
    62.5-180.0 180.0   5.0 450.0                            LAT/LON1/LON2/DLON/H
  288  286  283  281  278  276  274  272  271  270  270  268  264  259  252  245
  238  233  229  227  227  227  226  224  221  216  212  209  208  208  208  208
  207  205  202  199  197  196  197  198  199  200  200  200  199  198  196  194
  192  188  184  179  173  167  163  160  159  160  163  168  174  182  193  207
  224  241  258  272  282  288  291  290  288
    60.0-180.0 180.0   5.0 450.0                            LAT/LON1/LON2/DLON/H
  290  290  290  289  288  286  283  280  278  276  275  273  269  264  258  251
  243  237  233  231  231  230  229  226  221  216  212  211  211  214  216  218
  217  214  210  205  202  201  202  204  206  208  208  207  205  201  197  193
  188  182  175  168  160  152  147  144  144  147  151  157  164  173  185  199
  217  235  253  268  280  286  289  290  290
    57.5-180.0 180.0   5.0 450.0                            LAT/LON1/LON2/DLON/H
  284  287  290  293  293  292  289  285  282  279  277  275  272  268  262  255
  248  242  238  235  233  232  230  226  221  216  213  214  218  224  229  233
  232  228  222  215  211  209  210  212  215  217  217  215  211  206  200  193
  186  179  171  162  152  144  138  135  135  139  145  151  158  167  177  191
  208  227  244  259  270  276  280  282  284
    55.0-180.0 180.0   5.0 450.0                            LAT/LON1/LON2/DLON/H
  272  279  286  292  296  296  293  288  284  280  278  275  272  269  264  259
  253  246  241  236  233  231  228  224  220  216  215  218  225  235  244  249
  249  244  236  227  221  219  220  222  225  227  227  223  217  210  202  193
  186  178  170  161  152  143  136  133  133  137  143  149  155  162  171  183
  198  215  232  246  256  261  264  267  272
    52.5-180.0 180.0   5.0 450.0                            LAT/LON1/LON2/DLON/H
  259  269  281  291  297  299  296  292  286  282  278  275  272  269  266  262
  256  250  243  237  232  228  224  221  217  215  216  222  233  247  259  265
  266  259  249  240  232  229  230  233  236  237  235  230  223  213  203  193
  185  178  172  165  157  148  141  137  136  138  143  148  152  157  163  173
  187  203  219  231  240  244  247  251  259
    50.0-180.0 180.0   5.0 450.0                            LAT/LON1/LON2/DLON/H
  249  263  278  292  300  303  301  297  292  286  282  277  273  270  268  265
  261  255  246  237  229  224  220  217  215  215  218  227  240  256  270  278
  278  272  262  251  244  240  241  243  245  245  242  236  226  215  203  192
  184  179  175  171  166  159  152  146  142  142  144  146  148  150  155  163
  176  192  207  219  226  230  234  239  249
    47.5-180.0 180.0   5.0 450.0                            LAT/LON1/LON2/DLON/H
  247  263  281  296  306  310  310  306  301  295  289  283  277  273  272  271
  269  262  252  240  229  222  218  217  217  219  224  233  247  262  277  286
  287  282  272  263  255  252  253  254  255  253  249  241  230  217  203  191
  183  179  178  179  178  173  166  158  151  147  145  144  143  144  147  155
  168  184  200  212  220  224  228  235  247
    45.0-180.0 180.0   5.0 450.0                            LAT/LON1/LON2/DLON/H
  254  271  289  305  316  320  321  318  315  309  302  293  285  280  279  281
  281  275  263  248  234  225  222  222  225  229  234  243  254  268  281  291
  294  291  284  276  270  267  266  266  266  262  256  247  235  220  205  191
  181  178  181  186  190  189  182  173  162  153  147  143  141  140  143  152
  165  182  199  212  221  227  233  241  254
    42.5-180.0 180.0   5.0 450.0                            LAT/LON1/LON2/DLON/H
  269  286  302  317  327  331  333  332  331  327  319  308  297  291  291  295
  298  293  281  263  246  235  232  235  240  246  251  257  265  275  287  297
  303  305  302  296  291  286  284  282  279  273  266  256  243  227  210  193
  182  178  182  191  200  203  199  188  174  161  152  146  142  142  145  154
  169  187  205  220  230  238  246  256  269
    40.0-180.0 180.0   5.0 450.0                            LAT/LON1/LON2/DLON/H
  289  303  317  329  337  342  345  347  348  345  338  326  314  307  308  315
  320  317  305  285  266  253  250  254  262  270  275  278  281  287  296  308
  319  327  328  325  318  312  306  301  295  287  278  267  254  238  219  199
  185  179  183  195  207  215  213  203  188  172  161  154  151  151  155  165
  180  198  216  232  245  255  265  276  289
    37.5-180.0 180.0   5.0 450.0                            LAT/LON1/LON2/DLON/H
  308  319  330  339  345  350  354  358  363  364  358  347  334  327  329  338
  346  345  333  313  291  277  273  278  289  298  303  304  303  305  314  329
  346  360  365  362  353  342  331  321  312  302  292  280  267  251  231  209
  190  181  183  195  211  223  225  216  201  186  175  169  167  168  172  181
  195  213  230  246  260  272  284  296  308
    35.0-180.0 180.0   5.0 450.0                            LAT/LON1/LON2/DLON/H
  323  331  338  344  349  354  359  367  375  380  378  368  357  350  354  364
  374  375  364  343  320  304  298  304  316  328  334  334  331  331  340  359
  383  403  412  407  392  373  355  340  328  316  304  292  279  264  243  220
  198  184  183  194  211  226  231  225  212  200  192  189  190  191  195  202
  213  228  243  258  272  286  300  312  323
    32.5-180.0 180.0   5.0 450.0                            LAT/LON1/LON2/DLON/H
  331  337  341  345  349  354  362  372  385  394  396  390  381  377  381  392
  402  404  394  374  350  331  323  327  340  355  364  366  363  363  375  399
  429  454  463  453  428  399  373  353  337  324  310  298  286  272  253  230
  206  188  183  191  207  222  230  227  218  211  208  211  214  216  218  222
  230  240  252  265  278  293  308  321  331
    30.0-180.0 180.0   5.0 450.0                            LAT/LON1/LON2/DLON/H
  332  336  338  342  347  354  363  377  393  407  414  413  408  405  410  421
  430  432  423  403  379  357  345  346  359  376  390  395  395  398  413  441
  476  503  509  491  455  414  380  355  337  322  308  296  285  273  257  235
  211  192  183  187  199  213  221  221  217  215  220  228  235  237  237  237
  240  247  255  264  277  292  309  323  332
    27.5-180.0 180.0   5.0 450.0                            LAT/LON1/LON2/DLON/H
  327  331  333  337  344  353  365  381  401  419  432  437  436  436  441  451
  458  459  450  431  405  380  362  359  371  391  410  421  425  431  449  480
  517  543  543  515  466  414  372  343  324  309  295  284  274  265  253  235
  213  194  182  181  188  199  205  206  206  211  223  237  247  249  246  243
  243  245  250  257  268  284  302  317  327
    25.0-180.0 180.0   5.0 450.0                            LAT/LON1/LON2/DLON/H
  319  324  327  333  343  354  369  387  409  432  450  460  464  468  474  481
  487  486  476  457  430  400  377  369  379  401  424  441  450  460  479  510
  545  566  559  519  459  397  349  319  300  287  274  263  255  249  241  228
  211  193  179  174  176  180  183  184  187  197  215  234  246  249  244  238
  236  236  239  244  254  271  291  308  319
    22.5-180.0 180.0   5.0 450.0                            LAT/LON1/LON2/DLON/H
  310  317  323  331  342  356  373  393  418  443  465  480  490  498  505  512
  515  513  502  483  454  420  391  377  385  408  435  456  469  480  498  526
  556  569  553  504  436  367  316  286  270  259  248  239  232  228  223  215
  203  189  175  166  162  160  159  158  162  175  197  219  233  234  229  223
  220  221  223  228  238  256  278  298  310
    20.0-180.0 180.0   5.0 450.0                            LAT/LON1/LON2/DLON/H
  303  312  320  330  343  358  376  397  424  451  476  495  510  522  533  541
  544  540  529  508  478  440  406  388  392  415  443  466  481  492  507  529
  549  554  530  475  402  332  282  254  242  234  226  218  212  208  205  200
  193  182  170  158  148  141  135  132  135  149  172  194  208  209  204  200
  200  203  205  210  221  240  265  287  303
    17.5-180.0 180.0   5.0 450.0                            LAT/LON1/LON2/DLON/H
  296  307  317  329  342  358  375  398  424  453  479  501  520  537  553  564
  569  566  555  534  501  461  424  403  405  425  452  475  489  498  507  520
  531  527  497  440  368  301  255  231  222  218  212  206  200  195  190  186
  181  174  163  149  136  125  116  110  112  125  145  165  177  178  175  174
  177  183  187  192  204  225  252  277  296
    15.0-180.0 180.0   5.0 450.0                            LAT/LON1/LON2/DLON/H
  289  303  315  327  339  353  370  392  418  446  472  495  517  540  561  578
  587  586  577  555  522  481  444  422  423  440  464  483  494  499  502  506
  506  494  462  408  343  284  244  225  219  216  213  207  200  191  182  176
  171  165  155  141  126  113  104   98   97  106  122  137  146  147  145  149
  157  165  170  176  188  211  240  268  289
    12.5-180.0 180.0   5.0 450.0                            LAT/LON1/LON2/DLON/H
  281  298  311  323  334  346  360  380  405  431  456  478  502  529  556  580
  594  598  590  571  539  499  464  445  446  461  479  493  499  500  496  491
  483  466  435  389  334  285  252  237  232  230  227  221  211  197  182  170
  162  156  146  133  119  108  100   95   93   97  106  116  120  120  121  129
  140  149  154  160  173  197  228  257  281
    10.0-180.0 180.0   5.0 450.0                            LAT/LON1/LON2/DLON/H
  271  291  306  318  327  337  349  366  389  412  434  454  478  506  538  567
  588  597  593  576  547  512  483  469  471  483  496  504  505  500  492  479
  465  446  419  383  341  304  278  265  259  256  251  243  230  210  188  169
  156  148  138  126  115  108  104  101   98   97   99  102  102  102  106  116
  128  137  141  146  159  183  215  246  271
     7.5-180.0 180.0   5.0 450.0                            LAT/LON1/LON2/DLON/H
  261  283  301  313  322  330  340  355  375  395  412  430  451  478  511  543
  568  581  582  569  545  518  498  491  496  505  512  513  510  502  489  472
  453  435  415  389  360  333  313  300  292  284  276  266  249  223  194  168
  151  140  130  120  113  111  113  113  109  104  100   97   94   93   98  109
  121  128  129  132  145  170  201  233  261
     5.0-180.0 180.0   5.0 450.0                            LAT/LON1/LON2/DLON/H
  250  276  297  312  322  330  340  353  370  386  400  412  429  452  481  512
  537  554  558  550  534  516  506  508  515  523  524  519  512  501  485  466
  446  429  415  399  381  362  345  332  319  306  294  280  259  230  196  166
  146  133  123  115  112  116  123  126  121  112  103   97   92   92   97  108
  117  120  119  120  133  157  188  221  250
     2.5-180.0 180.0   5.0 450.0                            LAT/LON1/LON2/DLON/H
  241  270  295  315  328  339  351  364  379  392  402  410  420  436  457  481
  504  520  527  525  516  509  509  517  528  532  528  519  509  496  478  457
  436  422  412  403  392  378  363  348  330  312  295  278  256  226  191  160
  139  126  117  110  111  120  130  134  128  117  106   98   94   95  101  109
  115  114  110  110  123  147  177  209  241
