public/data/global.ionex
     1.0            IONOSPHERE MAPS     GNSS                IONEX VERSION / TYPE
ADDNEQ2 V5.5        AIUB                08-JUL-26 19:06     PGM / RUN BY / DATE 
CODE'S GLOBAL IONOSPHERE MAPS FOR DAY 185, 2026             COMMENT             
Global ionosphere maps (GIM) are generated on a daily basis DESCRIPTION         
at CODE using data from about 300 GNSS sites of the IGS and DESCRIPTION         
other institutions. The vertical total electron content     DESCRIPTION         
(VTEC) is modeled in a solar-geomagnetic reference frame    DESCRIPTION         
using a spherical harmonics expansion up to degree and      DESCRIPTION         
order 15. Piece-wise linear functions are used for          DESCRIPTION         
representation in the time domain. The time spacing of      DESCRIPTION         
their vertices is 1 hour, conforming with the epochs of the DESCRIPTION         
VTEC maps.                                                  DESCRIPTION         
To convert line-of-sight TEC into vertical TEC, a modified  DESCRIPTION         
single-layer model mapping function approximating the JPL   DESCRIPTION         
extended slab model mapping function is adopted. The        DESCRIPTION         
mapping function is evaluated at geodetic satellite         DESCRIPTION         
elevation angles. For the computation of the ionospheric    DESCRIPTION         
pierce points, a spherical layer with a radius of 6821 km   DESCRIPTION         
is assumed, implying geocentric, not geodetic IONEX         DESCRIPTION         
latitudes.                                                  DESCRIPTION         
Instrumental biases with respect to each involved GNSS code DESCRIPTION         
observable are estimated as constant values for each        DESCRIPTION         
day. They are modeled with one set of bias parameters for   DESCRIPTION         
each satellite and each station in case of GPS and for each DESCRIPTION         
satellite-station link in case of GLONASS. The code bias    DESCRIPTION         
datum is defined by zero-mean conditions imposed on the     DESCRIPTION         
satellite bias estimates. In this file, just GPS C1W-C2W    DESCRIPTION         
satellite and station bias values are included. The         DESCRIPTION         
complete set of GNSS code bias results is provided in an    DESCRIPTION         
additional Bias-SINEX file as pseudo-absolute values        DESCRIPTION         
specific to each observable.                                DESCRIPTION         
Note: These GIM results correspond to the results for the   DESCRIPTION         
middle day of a 3-day combination analysis solving for 73   DESCRIPTION         
times 256, or 18688 VTEC parameters and 3 daily sets of     DESCRIPTION         
GNSS code bias parameters.                                  DESCRIPTION         
Contact address: code(at)aiub.unibe.ch                      DESCRIPTION         
Data archive:    ftp.aiub.unibe.ch/CODE/                    DESCRIPTION         
                 www.aiub.unibe.ch/download/CODE/           DESCRIPTION         
  2026     7     4     0     0     0                        EPOCH OF FIRST MAP  
  2026     7     5     0     0     0                        EPOCH OF LAST MAP   
  3600                                                      INTERVAL            
[...]
azgb badg bake barh bjfs bndy boav bogo bogt bor1 braz brft COMMENT             
brst brux bshm cags cas1 ccj2 cedu chpg chpi chti chur ckis COMMENT             
cmum coco cord cpvg cpxf cro1 daej darw dav1 dgar dhlg djig COMMENT             
drao dubi dubo ebre faa1 fair flin flrs frdn gamb ganp glps COMMENT             
glsv gode gol2 gold gope gras graz guam guug harb hers hert COMMENT             
hlfx hnpt hob2 hofn holb holm hrao iddr ieng iisc impz iqal COMMENT             
ispa jdpr jog2 joz2 joze karr kerg kir0 kiri kiru kit3 kokb COMMENT             
kokv kouc koug kour krgg lama laut lck4 lmmf lpal lpgs m0se COMMENT             
mac1 madr mal2 mas1 mat1 mate maui maw1 mcm4 mdo1 medi mgue COMMENT             
mizu mkea mnls mobs monp mqzg mro1 mtka nano naur nico nist COMMENT             
nium nklg nlib nnor not1 nrc1 nrmd nya1 nyal onsa ous2 park COMMENT             
pdel penc pert pie1 pimo pohn pol2 polv pots pove ptag ptbb COMMENT             
ptvl qaq1 quin rbay reso reun reyk rgdg rio2 salu samo sant COMMENT             
sch2 scor scrz sctb seyg sfer smst spt0 sthl stjo stk2 str2 COMMENT             
suth sutm suwn sydn syog tash thtg thti thu2 tid1 tidb tlse COMMENT             
tn22 tow2 tro1 tskb tuva twtf txes uclu ufpr ulab unb3 unbj COMMENT             
unsa urum usn7 usud vald vill vtsp wab2 wark wgtn whit will COMMENT             
wind wsrt wtza wtzl wtzr wtzs wtzz xmis yar2 yar3 yarr yell COMMENT             
ykro zamb zeck zim2 zim3 zimm                               COMMENT             
                                                            END OF HEADER       
[from data line 3003]
     8                                                      START OF TEC MAP    
  2026     7     4     7     0     0                        EPOCH OF CURRENT MAP
    87.5-180.0 180.0   5.0 450.0                            LAT/LON1/LON2/DLON/H
   98   99  100  101  102  103  104  105  106  107  108  108  108  109  109  109
  109  108  108  107  106  105  105  104  103  102  100   99   98   97   96   95
   95   94   93   93   92   92   91   91   91   90   90   90   90   90   90   91
   91   91   91   91   91   91   91   91   91   91   91   91   92   92   92   92
   92   93   93   94   95   95   96   97   98
    85.0-180.0 180.0   5.0 450.0                            LAT/LON1/LON2/DLON/H
   97   99  101  104  107  109  112  114  116  118  120  121  122  123  123  122
  121  120  118  117  114  112  110  107  104  102   99   97   95   92   91   89
   88   86   85   85   84   84   84   84   85   85   86   87   88   89   90   91
   92   93   93   94   95   95   95   95   94   94   93   92   91   91   90   89
   89   89   89   89   90   91   93   94   97
    82.5-180.0 180.0   5.0 450.0                            LAT/LON1/LON2/DLON/H
   95   98  102  106  110  115  119  123  126  129  132  134  135  135  134  133
  131  129  126  122  118  114  109  105  100   96   92   89   86   83   81   79
   78   77   76   76   77   77   78   79   81   83   85   87   90   93   96   98
  101  104  106  108  109  110  110  110  109  108  106  103  101   98   95   93
   91   89   88   87   87   88   90   92   95
    80.0-180.0 180.0   5.0 450.0                            LAT/LON1/LON2/DLON/H
   96  100  104  109  115  120  125  130  134  138  141  142  143  143  142  139
  136  132  127  121  116  109  103   97   91   86   81   77   74   72   70   69
   69   69   70   71   72   74   76   78   80   84   87   92   96  102  107  112
  118  123  127  131  134  136  137  137  136  134  130  126  121  116  111  106
  102   98   94   92   91   90   91   93   96
    77.5-180.0 180.0   5.0 450.0                            LAT/LON1/LON2/DLON/H
  102  106  110  115  120  126  131  136  140  144  146  147  147  145  143  139
  134  129  122  116  108  101   93   86   79   73   68   65   63   62   62   63
   64   66   69   71   73   76   78   81   84   89   94  100  106  114  122  130
  139  147  154  161  166  170  172  172  171  169  164  159  152  145  137  129
  122  115  110  105  102  100   99  100  102
    75.0-180.0 180.0   5.0 450.0                            LAT/LON1/LON2/DLON/H
  114  115  118  122  126  131  136  140  144  146  148  147  146  143  138  133
  127  121  114  106   98   90   82   74   67   62   58   56   55   56   59   62
   66   70   74   77   80   83   86   88   92   96  102  109  118  127  138  149
  161  172  182  191  198  204  208  210  209  207  202  196  188  180  170  160
  150  141  133  127  121  117  115  114  114
    72.5-180.0 180.0   5.0 450.0                            LAT/LON1/LON2/DLON/H
  129  128  128  129  132  135  139  142  145  147  147  145  142  137  131  124
  117  110  103   96   88   81   73   66   60   55   52   52   53   57   62   68
   74   80   85   89   92   94   96   98  101  105  111  118  128  139  152  165
  179  193  205  216  226  233  239  242  243  241  238  232  224  215  204  193
  182  171  162  153  146  140  135  131  129
    70.0-180.0 180.0   5.0 450.0                            LAT/LON1/LON2/DLON/H
  144  140  136  134  135  136  139  142  145  147  146  143  137  131  123  115
  107  100   93   87   80   74   68   62   57   54   53   54   58   64   71   79
   86   93   98  101  103  105  105  106  108  112  117  125  135  147  161  176
  191  206  219  232  243  252  258  263  266  266  264  260  253  245  234  223
  212  200  190  180  172  164  157  150  144
    67.5-180.0 180.0   5.0 450.0                            LAT/LON1/LON2/DLON/H
  158  149  141  136  134  134  137  140  144  146  145  142  135  126  117  107
   98   91   85   80   76   71   67   62   59   58   59   62   68   75   84   92
   99  105  109  111  112  112  112  112  113  116  121  128  138  150  164  179
  194  209  224  237  248  257  265  271  276  279  279  277  272  265  256  246
  235  224  214  204  195  186  176  167  158
    65.0-180.0 180.0   5.0 450.0                            LAT/LON1/LON2/DLON/H
  167  154  143  135  130  129  131  136  141  145  146  143  136  126  115  104
   94   86   81   77   75   72   69   67   65   66   68   73   80   88   96  103
  109  113  115  115  115  114  113  113  114  116  120  127  136  147  160  174
  189  204  218  231  243  253  262  269  275  280  283  283  281  277  269  260
  250  240  231  222  213  203  192  180  167
    62.5-180.0 180.0   5.0 450.0                            LAT/LON1/LON2/DLON/H
  174  158  143  131  124  122  125  131  138  145  148  146  140  130  118  105
   95   87   81   78   77   75   74   73   73   75   79   85   93  101  107  111
  114  114  114  113  112  111  110  110  111  113  117  122  130  140  152  165
  179  194  208  222  233  244  252  260  267  274  279  282  283  280  275  268
  259  250  242  234  225  216  204  190  174
    60.0-180.0 180.0   5.0 450.0                            LAT/LON1/LON2/DLON/H
  180  162  145  130  121  117  119  125  134  143  149  149  145  136  124  111
  100   91   85   82   81   80   79   79   80   82   88   95  103  109  113  115
  113  111  108  106  105  105  106  107  108  110  113  118  124  133  143  155
  169  184  199  213  226  236  245  253  260  267  274  279  282  282  278  272
  265  258  251  244  236  226  213  198  180
    57.5-180.0 180.0   5.0 450.0                            LAT/LON1/LON2/DLON/H
  189  170  151  135  123  117  116  121  130  139  146  150  148  141  130  118
  107   98   92   89   87   85   84   83   84   88   94  101  109  114  115  113
  109  104  100   98   98  100  102  104  107  109  112  116  122  129  139  151
  166  181  198  213  227  238  246  253  259  266  273  279  284  285  284  280
  274  269  263  257  249  238  224  208  189
    55.0-180.0 180.0   5.0 450.0                            LAT/LON1/LON2/DLON/H
  204  185  166  149  134  124  120  121  126  133  140  145  145  141  134  124
  114  106   99   96   93   91   88   86   86   89   95  103  110  114  113  109
  103   97   94   93   95   99  103  107  110  113  116  121  127  136  146  159
  174  192  210  227  241  251  258  263  268  273  279  285  291  294  295  293
  290  287  282  276  267  254  239  222  204
    52.5-180.0 180.0   5.0 450.0                            LAT/LON1/LON2/DLON/H
  224  206  188  171  154  140  129  124  123  126  130  135  137  136  132  125
  118  111  105  102   98   95   91   88   86   87   92   99  106  110  109  104
   99   94   93   95  100  106  111  116  119  123  128  135  144  155  168  182
  199  218  237  255  269  278  283  284  285  287  291  297  303  309  312  313
  314  313  310  303  292  277  260  242  224
    50.0-180.0 180.0   5.0 450.0                            LAT/LON1/LON2/DLON/H
  248  232  216  199  181  162  144  131  123  119  119  121  123  124  123  121
  116  112  108  104  101   98   93   87   83   83   86   93   99  103  104  101
   98   97   99  105  112  119  126  131  135  141  149  161  175  190  206  223
  241  261  280  296  308  314  315  312  308  307  308  313  319  326  333  338
  343  346  345  338  324  306  285  265  248
    47.5-180.0 180.0   5.0 450.0                            LAT/LON1/LON2/DLON/H
  272  258  245  229  209  186  163  143  126  115  109  107  107  109  111  111
  109  107  105  103  101   97   92   85   79   77   79   84   91   97  100  101
  103  106  113  121  130  139  145  151  157  166  179  196  217  239  260  279
  298  317  334  347  354  354  349  340  332  326  325  328  334  343  353  363
  373  381  383  376  360  336  311  289  272
    45.0-180.0 180.0   5.0 450.0                            LAT/LON1/LON2/DLON/H
  293  281  269  254  234  210  183  158  136  118  106   99   96   96   97   99
   99   98   97   96   95   93   88   81   75   71   72   77   84   92   98  105
  112  121  132  142  152  161  168  175  183  195  214  239  268  297  323  345
  364  380  392  399  399  392  379  365  352  343  339  340  346  355  368  383
  399  413  419  413  394  366  336  311  293
    42.5-180.0 180.0   5.0 450.0                            LAT/LON1/LON2/DLON/H
  309  297  286  272  253  228  202  176  151  130  113  101   93   90   89   89
   89   87   86   86   86   85   82   77   71   67   68   73   82   91  102  113
  126  140  153  165  175  183  191  200  211  228  253  285  322  357  388  411
  429  442  450  449  440  424  403  383  367  355  348  348  352  361  376  395
  417  437  448  443  422  390  356  328  309
    40.0-180.0 180.0   5.0 450.0                            LAT/LON1/LON2/DLON/H
  320  307  295  281  263  242  219  196  174  152  133  117  104   96   91   88
   84   81   77   75   75   76   75   73   69   68   70   76   85   97  110  126
  143  159  174  185  194  203  213  225  240  261  291  329  371  412  445  470
  487  497  500  492  474  448  421  396  378  365  357  354  356  364  378  400
  426  451  466  464  442  408  371  341  320
    37.5-180.0 180.0   5.0 450.0                            LAT/LON1/LON2/DLON/H
  329  314  300  286  269  253  236  219  202  183  164  146  129  117  107   99
   91   83   75   70   68   69   70   71   72   74   78   86   96  108  124  142
  161  178  192  202  211  221  234  250  269  293  324  365  410  452  487  512
  529  538  538  526  501  468  434  407  388  376  368  364  364  369  381  401
  429  458  477  477  456  420  382  350  329
    35.0-180.0 180.0   5.0 450.0                            LAT/LON1/LON2/DLON/H
  339  322  306  290  276  264  255  246  235  221  204  185  167  151  138  125
  113   99   85   75   69   68   70   74   79   86   94  103  113  126  141  160
  179  195  207  215  224  237  255  275  296  320  350  389  433  475  509  534
  552  563  565  551  522  484  447  420  403  393  387  382  380  382  390  407
  433  462  483  485  465  430  392  361  339
    32.5-180.0 180.0   5.0 450.0                            LAT/LON1/LON2/DLON/H
  354  335  317  300  288  282  279  276  270  260  245  228  210  194  180  165
  148  129  110   93   81   77   78   84   93  104  115  125  135  146  160  177
  194  209  218  225  236  253  276  300  322  342  366  399  438  477  509  534
  555  572  579  570  541  501  463  437  424  418  415  411  408  407  411  422
  444  471  492  494  474  441  405  376  354
    30.0-180.0 180.0   5.0 450.0                            LAT/LON1/LON2/DLON/H
  375  356  336  319  310  308  309  310  306  297  283  268  253  239  226  212
  195  173  148  125  108   98   97  103  114  126  139  149  157  165  176  190
  205  218  226  233  246  268  296  323  343  357  372  397  429  463  493  517
  542  567  584  583  558  519  482  459  451  450  451  450  448  446  446  451
  467  489  506  507  487  455  422  396  375
    27.5-180.0 180.0   5.0 450.0                            LAT/LON1/LON2/DLON/H
  401  381  361  346  339  341  345  346  340  328  313  298  286  278  270  260
  244  222  196  169  146  131  126  129  139  150  161  169  174  178  185  197
  210  221  230  239  256  282  314  342  358  364  369  384  409  439  465  490
  519  553  582  591  573  537  502  483  479  483  488  492  495  495  492  492
  500  516  529  527  506  474  443  420  401
    25.0-180.0 180.0   5.0 450.0                            LAT/LON1/LON2/DLON/H
  427  407  387  374  372  377  382  380  368  351  331  316  307  304  303  299
  288  269  245  218  192  172  162  160  165  172  179  182  182  182  186  194
  206  218  229  242  263  293  327  354  365  363  359  366  386  411  436  460
  493  535  575  595  584  551  519  503  502  510  520  530  539  544  543  539
  541  551  559  553  529  496  466  445  427
    22.5-180.0 180.0   5.0 450.0                            LAT/LON1/LON2/DLON/H
  447  426  407  397  399  408  413  407  390  365  340  322  315  316  321  323
  318  305  286  262  237  215  199  191  189  189  188  184  179  175  175  182
  194  208  223  240  265  298  332  356  363  355  346  347  364  389  412  436
  470  517  565  593  588  559  529  514  515  525  537  554  572  586  588  583
  581  586  590  581  554  519  488  466  447
    20.0-180.0 180.0   5.0 450.0                            LAT/LON1/LON2/DLON/H
  458  434  413  406  414  427  433  425  402  371  341  319  311  315  324  330
  330  323  310  294  273  252  232  217  206  196  186  175  165  157  156  161
  174  191  211  234  262  295  327  349  354  344  332  332  349  375  400  423
  455  503  555  587  586  560  530  515  515  523  537  559  587  610  619  616
  612  615  617  606  577  540  507  481  458
    17.5-180.0 180.0   5.0 450.0                            LAT/LON1/LON2/DLON/H
  460  428  405  399  410  428  436  429  405  372  338  312  302  305  314  321
  322  320  315  307  294  276  255  234  214  194  174  156  142  132  130  135
  149  169  194  222  251  283  312  332  338  330  320  323  343  373  399  421
  450  495  545  578  579  554  525  508  504  508  520  545  582  616  631  630
  627  631  636  626  597  557  521  490  460
    15.0-180.0 180.0   5.0 450.0                            LAT/LON1/LON2/DLON/H
  455  415  385  378  391  411  423  419  400  369  335  307  293  292  297  300
  300  299  300  301  296  283  263  238  211  183  155  132  116  106  103  109
  123  147  176  206  235  263  289  310  319  317  313  320  345  378  408  430
  455  493  538  570  571  548  518  499  490  487  494  520  563  604  626  628
  626  633  643  638  611  572  532  495  455
    12.5-180.0 180.0   5.0 450.0                            LAT/LON1/LON2/DLON/H
  451  400  362  351  363  384  398  400  388  365  335  307  290  283  281  277
  270  266  270  278  281  274  257  231  199  165  133  108   91   82   81   86
  101  126  158  189  217  240  263  285  302  308  311  322  350  388  421  444
  465  497  537  566  568  547  519  498  482  470  470  494  540  586  610  613
  613  625  640  642  621  585  544  501  451
    10.0-180.0 180.0   5.0 450.0                            LAT/LON1/LON2/DLON/H
  456  395  349  331  339  357  371  376  373  360  338  313  293  282  272  257
  241  231  234  245  254  252  238  213  181  145  112   87   72   67   66   72
   86  112  144  175  199  218  238  263  287  303  312  326  355  395  433  458
  478  506  542  570  575  558  534  511  489  469  460  480  525  571  595  596
  596  611  633  643  629  599  560  514  456
     7.5-180.0 180.0   5.0 450.0                            LAT/LON1/LON2/DLON/H
  474  407  354  331  333  344  352  357  359  355  342  322  303  287  270  246
  220  202  200  210  221  223  212  190  160  126   94   73   62   60   61   67
   80  104  136  165  185  199  218  246  278  301  314  327  355  396  437  467
  490  518  553  583  594  584  565  544  518  490  474  488  529  571  590  587
  584  599  625  642  637  614  581  535  474
     5.0-180.0 180.0   5.0 450.0                            LAT/LON1/LON2/DLON/H
  505  438  384  359  354  354  352  349  351  351  344  330  313  297  276  245
  210  184  176  182  192  194  185  166  140  110   83   66   60   61   64   69
   81  104  134  160  177  188  205  236  273  301  314  324  347  387  432  468
  497  529  568  604  623  622  611  593  566  533  513  521  557  592  603  592
  583  595  622  641  643  629  605  565  505
     2.5-180.0 180.0   5.0 450.0                            LAT/LON1/LON2/DLON/H
  544  484  436  412  403  392  374  357  349  348  344  333  319  305  284  250
  211  179  165  165  170  170  162  146  125  100   78   65   62   66   71   76
   88  109  137  161  175  183  199  231  270  299  310  314  332  370  417  460
  496  536  583  627  656  665  662  650  626  593  571  576  606  633  634  613
  596  602  623  641  645  640  625  595  544
