public/data/global.ionex
     1.0            IONOSPHERE MAPS     GNSS                IONEX VERSION / TYPE
ADDNEQ2 V5.5        AIUB                04-JUL-26 19:00     PGM / RUN BY / DATE 
CODE'S GLOBAL IONOSPHERE MAPS FOR DAY 181, 2026             COMMENT             
Global ionosphere maps (GIM) are generated on a daily basis DESCRIPTION         
at CODE using data from about 300 GNSS sites of the IGS and DESCRIPTION         
other institutions. The vertical total electron content     DESCRIPTION         
(VTEC) is modeled in a solar-geomagnetic reference frame    DESCRIPTION         
using a spherical harmonics expansion up to degree and      DESCRIPTION         
order 15. Piece-wise linear functions are used for          DESCRIPTION         
representation in the time domain. The time spacing of      DESCRIPTION         
their vertices is 1 hour, conforming with the epochs of the DESCRIPTION         
VTEC maps.                                                  DESCRIPTION         
To convert line-of-sight TEC into vertical TEC, a modified  DESCRIPTION         
single-layer model mapping function approximating the JPL   DESCRIPTION         
extended slab model mapping function is adopted. The        DESCRIPTION         
mapping function is evaluated at geodetic satellite         DESCRIPTION         
elevation angles. For the computation of the ionospheric    DESCRIPTION         
pierce points, a spherical layer with a radius of 6821 km   DESCRIPTION         
is assumed, implying geocentric, not geodetic IONEX         DESCRIPTION         
latitudes.                                                  DESCRIPTION         
Instrumental biases with respect to each involved GNSS code DESCRIPTION         
observable are estimated as constant values for each        DESCRIPTION         
day. They are modeled with one set of bias parameters for   DESCRIPTION         
each satellite and each station in case of GPS and for each DESCRIPTION         
satellite-station link in case of GLONASS. The code bias    DESCRIPTION         
datum is defined by zero-mean conditions imposed on the     DESCRIPTION         
satellite bias estimates. In this file, just GPS C1W-C2W    DESCRIPTION         
satellite and station bias values are included. The         DESCRIPTION         
complete set of GNSS code bias results is provided in an    DESCRIPTION         
additional Bias-SINEX file as pseudo-absolute values        DESCRIPTION         
specific to each observable.                                DESCRIPTION         
Note: These GIM results correspond to the results for the   DESCRIPTION         
middle day of a 3-day combination analysis solving for 73   DESCRIPTION         
times 256, or 18688 VTEC parameters and 3 daily sets of     DESCRIPTION         
GNSS code bias parameters.                                  DESCRIPTION         
Contact address: code(at)aiub.unibe.ch                      DESCRIPTION         
Data archive:    ftp.aiub.unibe.ch/CODE/                    DESCRIPTION         
                 www.aiub.unibe.ch/download/CODE/           DESCRIPTION         
  2026     6    30     0     0     0                        EPOCH OF FIRST MAP  
  2026     7     1     0     0     0                        EPOCH OF LAST MAP   
  3600                                                      INTERVAL            
[...]
badg bake barh bjfs bndy boav bogo bogt bor1 braz brft brst COMMENT             
brux bshm cags cas1 ccj2 cedu chpg chpi chti chur ckis cmum COMMENT             
coco cord cpvg cpxf cro1 daej darw dav1 dgar dhlg djig drao COMMENT             
dubi dubo ebre faa1 fair flin flrs frdn gamb ganp glps glsv COMMENT             
gode gol2 gold gope gras graz guam guug harb hers hert hlfx COMMENT             
hnpt hob2 hofn holb holm hrao iddr ieng iisc impz ineg iqal COMMENT             
irkj ispa jdpr jog2 joz2 joze karr kerg kir0 kiri kiru kit3 COMMENT             
kokb kokv kouc koug kour krgg lama laut lck4 lmmf lpal lpgs COMMENT             
m0se mac1 madr mal2 mas1 mat1 mate maui maw1 mcil mcm4 mdo1 COMMENT             
medi mgue mizu mkea mnls mobs monp morp mqzg mro1 mtka nano COMMENT             
naur nico nist nium nklg nlib nnor not1 nrc1 nrmd nya1 nyal COMMENT             
onsa ous2 park pdel penc pert pie1 pimo pohn pol2 pots pove COMMENT             
ptag ptbb ptvl qaq1 quin rbay reso reun reyk rgdg rio2 roth COMMENT             
salu samo sant sch2 scor scrz sctb seyg sfer smst spt0 sthl COMMENT             
stjo stk2 str2 suth sutm suwn sydn syog tash thtg thti thu2 COMMENT             
tid1 tidb tlse tn22 tow2 tro1 tskb tuva twtf txes uclu ulab COMMENT             
unb3 unbj unsa urum usn7 usud vald vill vtsp wab2 wark wgtn COMMENT             
whit will wind wsrt wtza wtzl wtzr wtzs wtzz xmis yar2 yar3 COMMENT             
yarr yell ykro zamb zeck zim2 zim3 zimm                     COMMENT             
                                                            END OF HEADER       
[from data line 5148]
    13                                                      START OF TEC MAP    
  2026     6    30    12     0     0                        EPOCH OF CURRENT MAP
    87.5-180.0 180.0   5.0 450.0                            LAT/LON1/LON2/DLON/H
  234  233  233  233  233  233  233  233  233  233  233  233  233  233  233  233
  233  233  233  233  233  233  233  233  232  232  232  231  231  231  230  230
  229  229  228  228  227  227  227  227  227  227  227  227  227  228  228  229
  230  230  231  232  233  234  234  235  235  236  236  237  237  237  237  237
  236  236  236  236  235  235  234  234  234
    85.0-180.0 180.0   5.0 450.0                            LAT/LON1/LON2/DLON/H
  229  228  227  227  226  226  226  226  227  227  228  228  229  230  231  231
  232  233  233  234  234  234  234  234  234  234  233  232  231  230  229  228
  226  225  223  222  220  219  218  217  217  217  217  218  219  220  222  224
  226  228  231  233  236  238  240  242  243  244  245  245  245  245  244  243
  241  240  238  236  234  233  231  230  229
    82.5-180.0 180.0   5.0 450.0                            LAT/LON1/LON2/DLON/H
  218  217  215  215  215  215  216  216  217  218  220  221  222  224  225  227
  228  229  231  232  233  234  235  236  236  236  235  234  233  231  229  227
  225  222  219  217  214  212  210  208  207  207  207  208  210  212  216  220
  224  229  234  238  243  247  251  254  257  258  259  258  257  255  252  249
  245  241  237  233  229  226  223  220  218
    80.0-180.0 180.0   5.0 450.0                            LAT/LON1/LON2/DLON/H
  204  202  201  201  202  203  204  205  207  209  211  212  214  216  218  220
  222  224  226  228  230  232  234  235  236  236  236  236  234  233  230  228
  225  221  218  214  211  208  205  202  201  200  200  202  204  208  213  219
  225  233  240  248  255  261  267  271  274  275  275  273  270  266  260  254
  247  239  232  226  220  214  210  206  204
    77.5-180.0 180.0   5.0 450.0                            LAT/LON1/LON2/DLON/H
  190  189  189  189  191  193  195  197  199  202  204  205  207  209  211  213
  215  217  219  222  225  228  230  233  234  235  236  236  234  233  231  228
  225  222  218  214  211  207  204  202  200  199  199  201  204  209  215  223
  231  240  250  259  268  276  283  288  291  291  290  286  281  273  265  255
  245  235  225  216  208  201  196  192  190
    75.0-180.0 180.0   5.0 450.0                            LAT/LON1/LON2/DLON/H
  181  181  182  183  186  188  191  193  196  198  200  201  203  204  205  206
  208  210  213  216  219  223  227  230  232  233  234  233  232  231  229  227
  224  222  219  216  213  210  207  205  204  203  204  206  210  215  222  230
  240  250  260  270  280  288  295  300  302  302  299  294  286  276  265  253
  240  228  217  206  198  191  186  183  181
    72.5-180.0 180.0   5.0 450.0                            LAT/LON1/LON2/DLON/H
  180  180  182  184  187  189  192  194  196  198  200  201  201  202  202  202
  203  205  207  211  215  219  223  227  229  231  231  230  229  227  225  223
  222  220  219  218  216  215  213  212  211  212  213  216  220  225  232  240
  249  258  268  277  286  293  299  303  304  303  299  292  283  272  260  247
  234  222  210  200  192  186  182  180  180
    70.0-180.0 180.0   5.0 450.0                            LAT/LON1/LON2/DLON/H
  187  188  190  191  193  194  196  197  198  199  200  201  202  202  201  201
  201  202  204  207  212  217  222  226  229  230  229  227  225  223  221  219
  219  219  219  220  220  220  220  220  220  222  224  227  231  236  242  248
  255  262  270  276  283  288  292  294  295  292  288  281  273  263  252  240
  229  218  209  200  194  190  187  186  187
    67.5-180.0 180.0   5.0 450.0                            LAT/LON1/LON2/DLON/H
  201  202  202  202  201  200  199  198  198  198  199  200  201  201  201  200
  200  200  202  205  211  216  222  227  230  230  229  226  222  219  217  217
  217  219  220  222  223  225  226  227  228  231  233  237  241  245  250  254
  258  261  265  268  271  273  275  275  275  273  269  263  257  250  242  234
  226  219  212  207  203  201  200  200  201
    65.0-180.0 180.0   5.0 450.0                            LAT/LON1/LON2/DLON/H
  218  217  215  212  208  203  199  195  193  193  194  196  198  199  199  199
  198  198  200  204  210  217  224  229  232  233  230  227  222  219  217  217
  219  221  224  226  228  230  231  232  234  237  240  244  248  251  254  255
  256  255  254  253  252  251  251  250  249  248  245  242  239  236  232  229
  226  223  221  219  217  217  217  217  218
    62.5-180.0 180.0   5.0 450.0                            LAT/LON1/LON2/DLON/H
  231  229  224  218  210  201  192  185  181  180  182  185  189  193  195  195
  195  195  197  201  208  216  224  231  235  236  233  230  225  223  222  223
  226  229  232  234  235  236  236  237  239  242  245  248  251  253  254  253
  251  246  241  236  232  228  226  225  224  224  223  223  223  224  225  227
  229  230  231  232  232  233  233  232  231
    60.0-180.0 180.0   5.0 450.0                            LAT/LON1/LON2/DLON/H
  238  233  226  216  204  191  179  170  164  162  164  169  176  182  186  188
  189  190  192  197  204  214  223  232  237  238  237  234  231  230  231  234
  238  243  245  246  246  245  243  243  244  246  248  250  252  253  253  250
  245  238  230  222  215  209  207  206  206  207  208  210  213  217  222  228
  233  237  241  242  243  243  242  240  238
    57.5-180.0 180.0   5.0 450.0                            LAT/LON1/LON2/DLON/H
  233  227  218  206  192  177  163  151  143  141  143  150  158  167  174  179
  181  183  186  191  199  210  221  230  236  239  239  238  237  239  243  249
  255  260  263  262  260  257  254  252  252  251  252  253  253  253  252  249
  243  235  225  214  206  200  198  198  199  201  203  206  210  215  222  229
  236  242  245  247  246  244  241  238  233
    55.0-180.0 180.0   5.0 450.0                            LAT/LON1/LON2/DLON/H
  218  211  201  190  176  160  146  133  125  121  123  130  140  151  161  168
  172  175  178  184  193  204  216  227  234  238  240  241  243  248  256  265
  274  280  282  281  277  273  269  266  264  262  260  258  257  256  255  252
  247  238  228  217  209  203  201  202  204  207  208  210  213  217  223  230
  236  241  243  242  239  235  230  224  218
    52.5-180.0 180.0   5.0 450.0                            LAT/LON1/LON2/DLON/H
  195  188  180  170  158  144  131  119  111  107  108  114  124  136  147  157
  163  167  172  178  188  200  212  223  231  236  239  242  247  256  267  280
  291  298  301  300  296  293  289  286  283  278  273  268  265  263  263  262
  258  250  240  230  221  217  216  217  220  222  222  221  221  222  225  230
  234  236  235  231  225  218  210  202  195
    50.0-180.0 180.0   5.0 450.0                            LAT/LON1/LON2/DLON/H
  170  163  157  150  141  131  121  112  105  101  100  104  112  124  137  148
  156  162  167  175  185  198  211  221  229  234  238  243  250  261  275  290
  304  313  317  318  316  314  314  312  308  301  292  283  278  276  276  277
  275  268  259  250  242  238  238  240  242  242  240  236  231  228  228  228
  229  228  224  217  208  197  187  178  170
    47.5-180.0 180.0   5.0 450.0                            LAT/LON1/LON2/DLON/H
  149  142  137  133  128  122  117  112  107  103  101  101  107  117  130  142
  151  158  165  174  186  200  213  223  230  234  239  244  252  264  279  296
  312  323  330  333  335  338  342  343  340  331  317  304  296  293  295  297
  297  291  283  274  266  263  262  264  265  263  258  250  242  235  230  228
  225  221  214  204  192  180  168  157  149
    45.0-180.0 180.0   5.0 450.0                            LAT/LON1/LON2/DLON/H
  136  130  125  121  119  117  116  115  114  111  108  106  108  116  128  140
  150  158  166  177  191  206  219  229  235  239  242  247  255  266  282  299
  316  329  339  347  355  364  373  379  376  364  347  330  319  316  318  321
  321  316  307  298  291  287  286  286  285  281  274  263  251  241  234  230
  225  218  209  197  184  171  158  146  136
    42.5-180.0 180.0   5.0 450.0                            LAT/LON1/LON2/DLON/H
  136  128  121  117  114  114  116  120  123  122  119  114  114  119  129  141
  151  159  169  182  198  215  229  238  244  247  250  254  260  270  284  301
  319  335  349  361  375  392  408  417  415  401  379  359  346  342  344  347
  346  340  330  321  314  310  308  306  303  296  286  273  260  249  241  236
  231  223  213  200  187  174  160  147  136
    40.0-180.0 180.0   5.0 450.0                            LAT/LON1/LON2/DLON/H
  148  137  128  120  114  112  115  122  130  133  130  125  122  125  133  144
  154  162  173  188  207  225  240  250  254  257  260  263  268  276  289  305
  324  343  360  378  399  422  444  456  454  438  413  390  375  371  373  374
  371  363  352  344  338  333  329  324  318  309  297  283  270  259  253  249
  244  237  226  213  201  188  174  161  148
    37.5-180.0 180.0   5.0 450.0                            LAT/LON1/LON2/DLON/H
  170  156  143  130  118  112  113  122  133  140  140  135  131  132  140  149
  158  167  178  195  216  236  251  260  264  268  271  275  279  286  297  314
  334  355  377  400  426  454  480  494  491  473  446  421  407  402  403  402
  396  385  374  367  363  359  353  345  334  323  309  295  281  272  268  266
  263  256  245  233  222  210  198  184  170
    35.0-180.0 180.0   5.0 450.0                            LAT/LON1/LON2/DLON/H
  197  182  165  145  127  114  111  119  132  143  146  143  139  140  146  155
  163  172  184  203  224  245  259  267  271  275  281  287  292  299  310  327
  349  373  398  424  454  485  512  527  524  504  477  452  439  435  435  431
  421  408  398  394  393  391  382  370  355  340  324  309  295  287  285  286
  284  277  266  255  244  235  224  212  197
    32.5-180.0 180.0   5.0 450.0                            LAT/LON1/LON2/DLON/H
  224  209  190  166  140  120  112  117  131  144  149  148  145  146  152  161
  169  178  192  210  232  250  262  268  272  278  287  296  303  312  325  344
  369  395  422  449  480  511  538  552  548  528  502  481  469  467  466  459
  446  433  426  426  430  428  418  401  381  361  343  325  311  303  302  304
  303  296  284  272  263  255  247  237  224
    30.0-180.0 180.0   5.0 450.0                            LAT/LON1/LON2/DLON/H
  246  233  215  189  158  132  118  119  131  144  152  152  150  151  157  166
  175  186  200  218  238  253  261  264  267  275  288  301  312  324  340  363
  389  417  444  470  498  527  552  564  560  543  521  504  497  496  494  485
  471  459  456  462  471  471  458  436  410  386  364  343  326  316  315  317
  316  307  294  281  272  266  261  254  246
    27.5-180.0 180.0   5.0 450.0                            LAT/LON1/LON2/DLON/H
  257  250  235  211  179  149  130  126  135  147  154  156  154  155  160  169
  180  193  208  226  242  252  255  254  257  267  284  302  318  334  355  380
  409  436  460  482  505  530  551  562  559  545  530  520  517  519  517  508
  495  485  487  499  512  512  497  470  440  411  385  359  337  324  321  322
  319  309  293  279  269  265  263  260  257
    25.0-180.0 180.0   5.0 450.0                            LAT/LON1/LON2/DLON/H
  257  257  249  230  201  171  149  141  144  153  158  159  157  157  161  171
  183  198  215  232  244  248  245  241  244  256  277  299  320  342  367  395
  425  449  467  482  498  516  533  543  543  536  529  527  530  534  532  524
  513  508  515  532  547  547  529  499  465  433  402  371  344  326  319  318
  314  301  283  266  256  252  252  254  257
    22.5-180.0 180.0   5.0 450.0                            LAT/LON1/LON2/DLON/H
  246  253  253  241  219  192  171  159  157  161  163  162  158  156  159  169
  183  200  219  234  242  241  234  228  231  246  269  295  321  348  377  408
  437  456  467  472  478  489  502  512  516  517  519  525  533  539  539  533
  526  526  537  556  570  569  549  517  482  448  413  377  344  321  311  308
  301  286  266  247  236  231  232  238  246
    20.0-180.0 180.0   5.0 450.0                            LAT/LON1/LON2/DLON/H
  227  240  247  243  229  210  190  177  170  169  167  164  159  154  155  163
  177  197  216  231  236  231  222  216  222  239  265  294  323  354  387  420
  446  460  460  455  451  454  464  474  483  492  503  515  527  535  536  534
  531  536  549  567  579  576  555  523  489  456  419  378  339  312  299  294
  285  268  247  227  214  208  209  215  227
    17.5-180.0 180.0   5.0 450.0                            LAT/LON1/LON2/DLON/H
  205  220  232  235  229  218  203  190  179  173  169  164  157  150  147  153
  167  187  207  221  224  218  210  208  217  238  265  296  327  362  398  432
  455  462  454  438  425  422  428  439  452  467  484  502  516  524  528  528
  531  539  553  567  574  567  546  519  489  458  419  375  332  302  287  280
  270  253  231  211  197  188  187  193  205
    15.0-180.0 180.0   5.0 450.0                            LAT/LON1/LON2/DLON/H
  185  199  211  218  220  216  206  193  180  171  166  160  152  143  137  140
  152  171  191  204  207  203  199  204  219  243  271  302  336  373  412  446
  467  468  452  428  408  400  403  415  430  449  469  488  503  512  517  521
  528  538  549  558  559  549  530  509  485  457  419  372  326  294  277  269
  259  242  222  203  187  177  172  175  185
    12.5-180.0 180.0   5.0 450.0                            LAT/LON1/LON2/DLON/H
  172  181  190  197  202  203  198  187  173  162  157  153  146  135  126  125
  134  151  169  181  186  187  191  203  225  252  281  312  347  387  428  463
  482  479  458  430  406  396  398  408  423  441  460  479  493  502  508  515
  525  535  543  545  540  528  513  499  483  458  420  371  323  289  272  264
  254  238  220  203  188  175  167  166  172
    10.0-180.0 180.0   5.0 450.0                            LAT/LON1/LON2/DLON/H
  168  171  173  176  181  185  182  172  158  147  143  142  137  126  116  111
  115  128  144  156  164  171  184  205  233  264  293  324  359  401  444  480
  498  494  473  444  422  411  413  421  432  445  460  475  488  496  504  514
  525  535  539  534  524  512  501  494  484  462  423  372  323  289  272  263
  253  238  224  210  197  183  172  167  168
     7.5-180.0 180.0   5.0 450.0                            LAT/LON1/LON2/DLON/H
  173  169  164  161  163  166  164  153  139  129  127  129  126  117  105   97
   98  107  119  132  144  159  180  209  242  274  303  333  369  412  456  492
  510  508  490  467  450  443  445  450  455  459  467  477  487  497  506  518
  529  537  537  528  514  503  497  495  489  468  427  374  324  290  273  263
  253  241  230  220  210  198  186  178  173
     5.0-180.0 180.0   5.0 450.0                            LAT/LON1/LON2/DLON/H
  186  176  164  155  151  152  147  135  121  112  111  115  115  108   96   87
   83   88   99  113  129  150  178  212  248  280  308  337  373  416  459  494
  514  515  504  490  481  480  484  486  483  477  476  480  489  500  512  524
  535  540  536  525  510  500  498  499  494  471  427  373  323  290  272  261
  250  240  233  230  224  215  204  195  186
     2.5-180.0 180.0   5.0 450.0                            LAT/LON1/LON2/DLON/H
  202  188  171  157  149  145  138  124  108   99   99  103  104   98   88   78
   72   74   83   99  120  146  178  214  250  281  307  335  369  410  452  484
  503  509  507  503  505  512  519  518  507  491  481  480  489  503  516  528
  537  539  533  521  508  499  498  499  491  465  419  364  316  284  266  254
  242  234  232  233  233  228  220  212  202
