public/data/global.ionex
     1.0            IONOSPHERE MAPS     GNSS                IONEX VERSION / TYPE
ADDNEQ2 V5.5        AIUB                06-JUL-26 18:59     PGM / RUN BY / DATE 
CODE'S GLOBAL IONOSPHERE MAPS FOR DAY 183, 2026             COMMENT             
Global ionosphere maps (GIM) are generated on a daily basis DESCRIPTION         
at CODE using data from about 300 GNSS sites of the IGS and DESCRIPTION         
other institutions. The vertical total electron content     DESCRIPTION         
(VTEC) is modeled in a solar-geomagnetic reference frame    DESCRIPTION         
using a spherical harmonics expansion up to degree and      DESCRIPTION         
order 15. Piece-wise linear functions are used for          DESCRIPTION         
representation in the time domain. The time spacing of      DESCRIPTION         
their vertices is 1 hour, conforming with the epochs of the DESCRIPTION         
VTEC maps.                                                  DESCRIPTION         
To convert line-of-sight TEC into vertical TEC, a modified  DESCRIPTION         
single-layer model mapping function approximating the JPL   DESCRIPTION         
extended slab model mapping function is adopted. The        DESCRIPTION         
mapping function is evaluated at geodetic satellite         DESCRIPTION         
elevation angles. For the computation of the ionospheric    DESCRIPTION         
pierce points, a spherical layer with a radius of 6821 km   DESCRIPTION         
is assumed, implying geocentric, not geodetic IONEX         DESCRIPTION         
latitudes.                                                  DESCRIPTION         
Instrumental biases with respect to each involved GNSS code DESCRIPTION         
observable are estimated as constant values for each        DESCRIPTION         
day. They are modeled with one set of bias parameters for   DESCRIPTION         
each satellite and each station in case of GPS and for each DESCRIPTION         
satellite-station link in case of GLONASS. The code bias    DESCRIPTION         
datum is defined by zero-mean conditions imposed on the     DESCRIPTION         
satellite bias estimates. In this file, just GPS C1W-C2W    DESCRIPTION         
satellite and station bias values are included. The         DESCRIPTION         
complete set of GNSS code bias results is provided in an    DESCRIPTION         
additional Bias-SINEX file as pseudo-absolute values        DESCRIPTION         
specific to each observable.                                DESCRIPTION         
Note: These GIM results correspond to the results for the   DESCRIPTION         
middle day of a 3-day combination analysis solving for 73   DESCRIPTION         
times 256, or 18688 VTEC parameters and 3 daily sets of     DESCRIPTION         
GNSS code bias parameters.                                  DESCRIPTION         
Contact address: code(at)aiub.unibe.ch                      DESCRIPTION         
Data archive:    ftp.aiub.unibe.ch/CODE/                    DESCRIPTION         
                 www.aiub.unibe.ch/download/CODE/           DESCRIPTION         
  2026     7     2     0     0     0                        EPOCH OF FIRST MAP  
  2026     7     3     0     0     0                        EPOCH OF LAST MAP   
  3600                                                      INTERVAL            
[...]
badg bake barh bjfs bndy boav bogo bogt bor1 braz brft brst COMMENT             
brux bshm cags cas1 ccj2 cedu chpg chpi chti chur ckis cmum COMMENT             
coco cord cpvg cpxf cro1 daej darw dav1 dgar dhlg djig drao COMMENT             
dubi dubo ebre faa1 fair flin flrs frdn gamb ganp glps glsv COMMENT             
gode gol2 gold gope gras graz guam guug harb hers hert hlfx COMMENT             
hnpt hob2 hofn holb holm hrao iddr ieng iisc impz ineg iqal COMMENT             
irkj ispa jdpr jog2 joz2 joze karr kerg kir0 kiri kiru kit3 COMMENT             
kokb kokv kouc koug kour krgg lama laut lck4 lmmf lpal lpgs COMMENT             
m0se mac1 madr mal2 mas1 mat1 mate maui maw1 mcil mcm4 mdo1 COMMENT             
medi mgue mizu mkea mnls mobs monp morp mqzg mro1 mtka nano COMMENT             
naur nico nist nium nklg nlib nnor not1 nrc1 nrmd nya1 nyal COMMENT             
onsa ous2 park pdel penc pert pie1 pimo pohn pol2 polv pots COMMENT             
pove ptbb ptvl qaq1 quin rbay reso reun reyk rgdg rio2 roth COMMENT             
salu samo sant sch2 scor scrz sctb seyg sfer smst spt0 sthl COMMENT             
stjo stk2 str2 suth sutm suwn sydn syog tash thtg thti thu2 COMMENT             
tid1 tidb tlse tn22 tow2 tro1 tskb tuva twtf txes uclu ufpr COMMENT             
ulab unb3 unbj unsa urum usn7 usud vald vill vtsp wab2 wark COMMENT             
wgtn whit will wind wsrt wtza wtzl wtzr wtzs wtzz xmis yar2 COMMENT             
yar3 yarr yell ykro zamb zeck zim2 zim3 zimm                COMMENT             
                                                            END OF HEADER       
[from data line 4719]
    12                                                      START OF TEC MAP    
  2026     7     2    11     0     0                        EPOCH OF CURRENT MAP
    87.5-180.0 180.0   5.0 450.0                            LAT/LON1/LON2/DLON/H
  177  176  175  175  174  174  174  173  173  173  172  172  172  172  172  172
  172  172  171  171  171  171  171  171  171  171  171  171  171  171  171  171
  171  171  171  171  171  171  171  172  172  172  173  174  174  175  176  176
  177  178  179  180  180  181  182  182  183  183  183  183  183  183  183  182
  182  181  181  180  179  179  178  177  177
    85.0-180.0 180.0   5.0 450.0                            LAT/LON1/LON2/DLON/H
  177  176  174  173  172  172  171  171  170  170  170  170  170  170  170  171
  171  171  171  172  172  172  172  172  173  173  172  172  172  172  172  171
  171  171  170  170  170  170  170  170  170  171  172  173  175  177  179  181
  183  186  188  190  193  195  197  198  199  200  200  200  199  198  197  195
  193  191  189  187  185  183  181  179  177
    82.5-180.0 180.0   5.0 450.0                            LAT/LON1/LON2/DLON/H
  175  173  171  169  168  168  167  167  167  167  167  168  168  168  169  169
  170  171  171  172  173  174  174  175  175  176  176  176  176  176  176  175
  175  174  173  173  172  171  171  170  171  171  173  174  177  180  184  188
  192  197  202  207  211  216  219  222  224  225  225  224  222  219  216  212
  207  202  198  193  188  184  181  177  175
    80.0-180.0 180.0   5.0 450.0                            LAT/LON1/LON2/DLON/H
  170  167  166  165  164  163  163  163  164  164  164  165  165  166  166  167
  168  169  170  172  173  174  176  177  178  179  179  180  181  181  181  181
  181  180  179  178  177  176  175  174  174  174  176  178  181  186  191  198
  205  212  220  227  234  241  246  250  253  254  253  251  247  242  235  228
  220  212  204  196  189  183  178  173  170
    77.5-180.0 180.0   5.0 450.0                            LAT/LON1/LON2/DLON/H
  165  163  161  161  161  161  161  161  161  161  161  162  162  163  163  164
  166  167  169  170  172  174  176  178  179  180  182  183  184  185  186  187
  187  188  187  186  185  184  182  181  180  180  181  184  188  194  201  209
  219  228  238  248  257  265  272  277  280  281  279  275  269  261  251  240
  229  217  206  196  187  179  173  168  165
    75.0-180.0 180.0   5.0 450.0                            LAT/LON1/LON2/DLON/H
  163  161  161  161  161  161  161  161  160  160  160  160  160  160  161  162
  163  165  167  169  172  174  176  178  180  181  183  184  185  187  189  191
  193  195  195  195  194  193  191  189  188  187  189  192  197  204  212  222
  232  243  253  264  273  282  289  295  298  298  296  291  283  273  261  247
  233  219  205  194  184  176  170  165  163
    72.5-180.0 180.0   5.0 450.0                            LAT/LON1/LON2/DLON/H
  166  166  166  166  165  165  164  162  161  160  159  158  158  158  159  160
  161  163  166  169  172  175  177  179  181  182  183  184  185  187  190  194
  197  200  202  203  203  201  199  197  195  195  197  200  206  213  222  232
  242  252  262  271  279  287  293  298  301  301  299  293  285  274  261  246
  231  217  203  192  183  176  171  168  166
    70.0-180.0 180.0   5.0 450.0                            LAT/LON1/LON2/DLON/H
  178  178  177  176  174  171  168  165  162  160  158  157  157  157  158  159
  160  162  165  169  172  176  179  181  183  183  183  183  184  186  190  194
  199  204  207  209  210  208  206  204  202  201  203  207  214  221  230  239
  247  255  261  266  271  276  280  284  286  287  285  281  273  263  252  238
  225  213  202  193  186  182  179  178  178
    67.5-180.0 180.0   5.0 450.0                            LAT/LON1/LON2/DLON/H
  195  195  194  190  186  180  173  167  162  158  156  156  156  157  157  158
  159  161  164  168  173  177  181  184  185  185  184  183  183  185  189  194
  200  206  211  214  215  213  211  208  206  206  208  213  219  227  235  241
  246  249  251  251  251  251  252  254  257  258  258  256  251  244  235  226
  217  209  203  199  196  195  195  195  195
    65.0-180.0 180.0   5.0 450.0                            LAT/LON1/LON2/DLON/H
  217  216  212  206  198  187  177  167  160  155  153  152  154  155  156  157
  158  159  162  166  172  177  182  185  187  186  185  184  183  185  189  195
  202  208  214  217  218  216  214  211  209  209  212  217  223  230  235  239
  240  238  233  228  222  218  216  217  219  222  224  225  224  220  216  212
  209  208  208  209  211  213  216  217  217
    62.5-180.0 180.0   5.0 450.0                            LAT/LON1/LON2/DLON/H
  238  235  229  220  208  193  179  165  154  148  146  146  149  151  153  153
  154  155  158  162  168  174  180  185  187  187  186  184  184  186  190  196
  204  211  216  220  220  219  217  214  213  213  216  220  225  230  233  234
  230  223  213  203  192  185  181  181  184  189  193  196  198  198  198  200
  203  208  214  222  228  234  237  239  238
    60.0-180.0 180.0   5.0 450.0                            LAT/LON1/LON2/DLON/H
  253  248  240  229  214  197  178  161  148  139  137  138  141  144  146  147
  148  149  152  156  162  169  176  181  184  186  185  185  185  187  192  199
  207  214  220  223  223  222  221  219  219  219  222  225  228  230  230  227
  220  209  196  182  169  160  156  156  160  166  172  176  180  182  185  190
  198  209  221  233  243  250  254  255  253
    57.5-180.0 180.0   5.0 450.0                            LAT/LON1/LON2/DLON/H
  257  251  243  232  217  198  177  157  140  130  126  127  131  135  138  139
  140  142  145  150  156  163  170  175  179  182  183  184  185  189  195  203
  211  218  224  227  228  228  227  227  228  229  231  231  232  230  227  221
  212  200  185  171  158  149  146  147  152  159  166  170  173  175  179  185
  196  210  226  240  252  259  262  260  257
    55.0-180.0 180.0   5.0 450.0                            LAT/LON1/LON2/DLON/H
  249  243  237  228  215  197  175  153  135  123  117  117  120  124  127  129
  132  135  139  144  150  157  163  168  173  176  179  182  185  190  198  207
  216  224  229  232  234  235  237  239  242  243  243  242  238  232  225  217
  207  196  184  172  161  154  153  155  162  169  174  177  178  178  179  185
  195  209  226  241  252  257  257  254  249
    52.5-180.0 180.0   5.0 450.0                            LAT/LON1/LON2/DLON/H
  230  226  222  218  209  194  174  153  133  119  111  109  110  112  116  119
  124  129  135  142  148  154  158  163  167  171  176  180  185  192  201  212
  222  230  235  238  241  245  250  255  259  261  260  255  247  237  227  217
  208  200  191  183  176  172  172  176  183  189  193  194  191  188  186  188
  195  207  221  234  243  245  242  236  230
    50.0-180.0 180.0   5.0 450.0                            LAT/LON1/LON2/DLON/H
  205  201  202  202  199  189  173  154  135  120  110  104  102  103  106  111
  117  126  135  144  150  155  158  161  165  169  174  179  185  194  204  217
  228  236  242  246  251  257  265  274  280  282  279  271  259  246  233  222
  215  209  204  200  197  195  196  200  207  212  215  214  208  201  195  193
  196  203  213  223  228  227  220  212  205
    47.5-180.0 180.0   5.0 450.0                            LAT/LON1/LON2/DLON/H
  179  176  179  184  186  182  171  156  140  125  113  104   99   97   99  104
  113  125  138  149  157  161  162  164  167  172  178  183  189  198  209  223
  235  245  251  256  263  272  283  294  302  304  300  290  275  258  243  231
  225  222  221  219  217  216  217  220  226  231  233  230  223  215  207  201
  199  202  207  211  212  208  199  187  179
    45.0-180.0 180.0   5.0 450.0                            LAT/LON1/LON2/DLON/H
  159  155  158  165  170  171  165  156  144  132  120  109  100   96   96  101
  111  126  142  156  166  170  171  172  176  181  187  192  197  205  217  231
  245  255  262  268  276  288  302  315  324  326  322  310  293  274  257  245
  239  237  237  236  234  231  230  231  235  240  242  240  234  226  218  211
  207  205  204  205  203  195  183  170  159
    42.5-180.0 180.0   5.0 450.0                            LAT/LON1/LON2/DLON/H
  149  142  142  147  153  156  155  152  147  139  129  117  107   99   97  101
  111  127  146  163  175  181  182  184  189  196  202  206  210  216  227  242
  256  268  275  283  293  307  322  336  345  348  343  331  314  294  276  263
  256  253  252  249  244  238  234  233  236  240  243  243  240  235  230  225
  219  214  210  207  202  193  180  163  149
    40.0-180.0 180.0   5.0 450.0                            LAT/LON1/LON2/DLON/H
  152  139  134  134  136  138  141  144  146  145  139  128  116  107  102  104
  112  127  147  167  182  191  194  198  204  213  220  224  226  230  240  255
  270  282  291  300  311  327  344  358  366  369  365  354  337  317  298  283
  275  270  266  260  252  242  235  233  235  239  243  245  245  244  243  241
  238  232  225  219  213  203  189  170  152
    37.5-180.0 180.0   5.0 450.0                            LAT/LON1/LON2/DLON/H
  165  146  134  126  122  121  125  133  142  148  147  139  128  118  111  110
  114  126  146  168  187  198  204  210  219  230  239  242  243  246  255  270
  286  298  308  318  331  348  366  379  387  389  386  376  361  342  323  307
  296  289  282  273  262  251  243  239  241  245  249  251  252  255  258  261
  261  255  248  240  232  223  207  187  165
    35.0-180.0 180.0   5.0 450.0                            LAT/LON1/LON2/DLON/H
  185  161  142  126  115  109  111  122  137  150  154  150  141  131  123  118
  117  125  143  166  188  203  211  218  229  243  254  258  259  261  269  284
  301  314  324  335  351  369  386  398  405  407  405  398  385  367  348  332
  320  310  302  292  282  272  265  262  264  268  270  269  268  270  276  283
  286  282  273  264  255  245  230  209  185
    32.5-180.0 180.0   5.0 450.0                            LAT/LON1/LON2/DLON/H
  206  180  156  135  117  105  105  116  134  151  160  159  153  145  137  128
  122  125  140  164  188  204  213  221  233  249  263  269  270  273  282  297
  314  328  339  351  368  387  404  414  420  422  422  417  407  391  373  357
  345  336  328  322  315  309  306  306  308  310  308  301  293  291  296  305
  311  308  298  286  275  265  251  231  206
    30.0-180.0 180.0   5.0 450.0                            LAT/LON1/LON2/DLON/H
  224  200  176  152  130  114  110  119  137  154  165  166  163  158  150  139
  129  127  139  162  187  204  213  219  231  248  264  273  277  280  291  307
  325  339  350  363  380  399  415  425  429  432  434  432  424  410  395  381
  371  365  361  360  361  362  365  368  370  370  361  345  327  317  318  326
  331  328  316  301  288  276  263  246  224
    27.5-180.0 180.0   5.0 450.0                            LAT/LON1/LON2/DLON/H
  235  217  196  174  152  134  126  132  146  161  170  172  170  168  162  150
  137  131  140  162  187  203  210  214  223  240  258  271  278  285  297  314
  333  347  359  371  387  405  420  428  432  436  440  441  436  425  412  402
  397  396  399  405  415  425  433  439  442  438  422  395  366  345  339  343
  347  341  325  306  289  276  265  251  235
    25.0-180.0 180.0   5.0 450.0                            LAT/LON1/LON2/DLON/H
  240  229  216  200  181  164  153  153  161  171  176  176  175  174  170  160
  145  137  143  164  187  202  205  206  213  229  248  265  276  287  301  320
  339  354  365  375  389  404  417  424  428  433  440  444  442  434  425  421
  421  426  436  451  468  485  499  507  509  501  479  444  403  372  358  356
  356  346  326  302  281  267  257  249  240
    22.5-180.0 180.0   5.0 450.0                            LAT/LON1/LON2/DLON/H
  240  238  234  225  212  197  184  179  180  182  181  178  177  177  175  166
  152  143  147  166  186  199  200  197  202  217  238  259  275  289  306  326
  346  361  370  378  388  400  410  416  420  427  436  443  443  439  435  437
  443  454  469  490  513  534  549  557  557  548  522  481  434  395  373  366
  361  346  321  292  268  252  245  241  240
    20.0-180.0 180.0   5.0 450.0                            LAT/LON1/LON2/DLON/H
  240  245  247  245  238  226  214  204  197  192  186  179  175  175  174  167
  155  146  150  165  183  193  193  191  194  209  232  255  276  294  313  334
  354  369  377  382  387  395  403  408  412  420  431  440  444  444  445  451
  462  477  496  518  542  563  576  582  580  570  544  503  453  411  386  374
  363  344  315  283  256  240  234  235  240
    17.5-180.0 180.0   5.0 450.0                            LAT/LON1/LON2/DLON/H
  244  252  257  258  255  247  234  221  209  198  187  177  171  170  170  164
  154  146  148  160  175  185  186  186  191  207  231  257  281  302  323  345
  365  381  387  388  390  395  401  405  410  418  429  441  448  451  456  465
  480  496  514  534  554  570  578  580  577  568  546  508  462  422  396  381
  366  342  311  278  251  236  232  236  244
    15.0-180.0 180.0   5.0 450.0                            LAT/LON1/LON2/DLON/H
  254  261  265  265  262  255  243  228  213  198  185  173  166  163  162  157
  149  142  142  150  163  173  179  184  194  211  235  263  290  314  335  358
  379  395  401  400  399  402  408  413  417  424  435  448  457  463  469  481
  496  511  525  539  553  561  562  559  555  549  532  502  463  428  404  388
  370  344  312  280  256  243  241  246  254
    12.5-180.0 180.0   5.0 450.0                            LAT/LON1/LON2/DLON/H
  272  275  272  267  261  253  241  225  207  192  178  167  159  154  152  148
  141  134  132  136  146  159  171  185  201  220  244  273  301  326  348  371
  393  410  416  415  415  419  428  434  436  440  449  461  472  479  486  497
  510  523  532  540  545  544  538  531  528  525  515  491  460  431  411  395
  375  348  317  291  271  261  260  266  272
    10.0-180.0 180.0   5.0 450.0                            LAT/LON1/LON2/DLON/H
  294  291  281  268  257  245  231  214  196  181  169  159  151  146  142  138
  131  124  120  120  128  143  164  188  210  231  255  282  310  336  359  382
  405  423  431  432  435  444  457  465  466  465  469  479  490  497  503  512
  523  533  539  541  538  530  519  510  508  509  503  484  458  434  416  400
  379  352  326  305  292  286  286  291  294
     7.5-180.0 180.0   5.0 450.0                            LAT/LON1/LON2/DLON/H
  316  309  293  272  253  237  221  202  183  169  159  152  145  139  133  129
  122  115  108  105  112  130  158  191  219  242  263  287  315  340  364  387
  411  431  442  447  455  472  491  502  499  492  491  498  506  512  516  522
  531  540  545  544  538  525  512  503  504  508  503  484  458  435  417  400
  378  353  332  318  311  309  310  315  316
     5.0-180.0 180.0   5.0 450.0                            LAT/LON1/LON2/DLON/H
  332  324  305  280  256  235  215  194  174  160  152  146  140  133  127  121
  115  107   98   93   98  119  154  193  226  249  267  288  313  339  362  386
  411  432  446  455  470  496  522  534  528  514  506  508  515  519  519  522
  531  541  549  550  544  531  518  513  517  522  514  491  459  432  411  392
  370  347  331  324  323  323  326  330  332
     2.5-180.0 180.0   5.0 450.0                            LAT/LON1/LON2/DLON/H
  337  333  316  291  265  242  219  194  172  156  147  142  136  129  122  116
  109  101   92   86   90  111  150  193  228  250  265  282  305  330  354  378
  403  424  440  453  475  508  540  553  543  522  507  506  510  511  509  510
  519  534  547  554  551  540  531  530  538  543  530  498  457  422  396  374
  351  331  320  319  321  323  325  331  337
