public/data/global.ionex
     1.0            IONOSPHERE MAPS     GNSS                IONEX VERSION / TYPE
ADDNEQ2 V5.5        AIUB                03-JUL-26 19:02     PGM / RUN BY / DATE 
CODE'S GLOBAL IONOSPHERE MAPS FOR DAY 180, 2026             COMMENT             
Global ionosphere maps (GIM) are generated on a daily basis DESCRIPTION         
at CODE using data from about 300 GNSS sites of the IGS and DESCRIPTION         
other institutions. The vertical total electron content     DESCRIPTION         
(VTEC) is modeled in a solar-geomagnetic reference frame    DESCRIPTION         
using a spherical harmonics expansion up to degree and      DESCRIPTION         
order 15. Piece-wise linear functions are used for          DESCRIPTION         
representation in the time domain. The time spacing of      DESCRIPTION         
their vertices is 1 hour, conforming with the epochs of the DESCRIPTION         
VTEC maps.                                                  DESCRIPTION         
To convert line-of-sight TEC into vertical TEC, a modified  DESCRIPTION         
single-layer model mapping function approximating the JPL   DESCRIPTION         
extended slab model mapping function is adopted. The        DESCRIPTION         
mapping function is evaluated at geodetic satellite         DESCRIPTION         
elevation angles. For the computation of the ionospheric    DESCRIPTION         
pierce points, a spherical layer with a radius of 6821 km   DESCRIPTION         
is assumed, implying geocentric, not geodetic IONEX         DESCRIPTION         
latitudes.                                                  DESCRIPTION         
Instrumental biases with respect to each involved GNSS code DESCRIPTION         
observable are estimated as constant values for each        DESCRIPTION         
day. They are modeled with one set of bias parameters for   DESCRIPTION         
each satellite and each station in case of GPS and for each DESCRIPTION         
satellite-station link in case of GLONASS. The code bias    DESCRIPTION         
datum is defined by zero-mean conditions imposed on the     DESCRIPTION         
satellite bias estimates. In this file, just GPS C1W-C2W    DESCRIPTION         
satellite and station bias values are included. The         DESCRIPTION         
complete set of GNSS code bias results is provided in an    DESCRIPTION         
additional Bias-SINEX file as pseudo-absolute values        DESCRIPTION         
specific to each observable.                                DESCRIPTION         
Note: These GIM results correspond to the results for the   DESCRIPTION         
middle day of a 3-day combination analysis solving for 73   DESCRIPTION         
times 256, or 18688 VTEC parameters and 3 daily sets of     DESCRIPTION         
GNSS code bias parameters.                                  DESCRIPTION         
Contact address: code(at)aiub.unibe.ch                      DESCRIPTION         
Data archive:    ftp.aiub.unibe.ch/CODE/                    DESCRIPTION         
                 www.aiub.unibe.ch/download/CODE/           DESCRIPTION         
  2026     6    29     0     0     0                        EPOCH OF FIRST MAP  
  2026     6    30     0     0     0                        EPOCH OF LAST MAP   
  3600                                                      INTERVAL            
[...]
azgb badg bake barh bjfs bndy boav bogo bogt bor1 braz brft COMMENT             
brst brux bshm cags cas1 ccj2 cedu chpg chpi chti chur ckis COMMENT             
cmum coco cord cpvg cpxf cro1 daej darw dav1 dgar dhlg djig COMMENT             
drao dubi dubo ebre faa1 fair flin flrs frdn gamb ganp glps COMMENT             
glsv gode gol2 gold gope gras graz guam guug harb hers hert COMMENT             
hlfx hnpt hob2 hofn holb holm hrao iddr ieng iisc impz ineg COMMENT             
iqal irkj ispa jdpr jog2 joz2 joze karr kerg kir0 kiri kiru COMMENT             
kit3 kokb kokv kouc koug kour krgg lama laut lck4 lmmf lpal COMMENT             
lpgs m0se mac1 madr mal2 mas1 mat1 mate maui maw1 mcil mcm4 COMMENT             
mdo1 medi mgue mizu mkea mnls mobs monp morp mqzg mro1 mtka COMMENT             
nano naur nico nist nium nklg nlib nnor not1 nrc1 nrmd nya1 COMMENT             
nyal onsa ous2 parc park pdel penc pert pie1 pimo pohn pol2 COMMENT             
pots pove ptag ptbb ptvl qaq1 quin rbay reso reun reyk rgdg COMMENT             
rio2 roth salu samo sant sch2 scor scrz sctb seyg sfer smst COMMENT             
spt0 ssia sthl stjo stk2 str2 suth sutm suwn sydn syog tash COMMENT             
thtg thti thu2 tid1 tidb tlse tn22 tow2 tro1 tskb tuva twtf COMMENT             
txes uclu ulab unb3 unbj unsa urum usn7 usud vald vill vtsp COMMENT             
wab2 wark wgtn whit will wind wsrt wtza wtzl wtzr wtzs wtzz COMMENT             
xmis yar2 yar3 yarr yell ykro zamb zeck zim2 zim3 zimm      COMMENT             
                                                            END OF HEADER       
[from data line 10296]
    25                                                      START OF TEC MAP    
  2026     6    30     0     0     0                        EPOCH OF CURRENT MAP
    87.5-180.0 180.0   5.0 450.0                            LAT/LON1/LON2/DLON/H
  211  211  211  211  211  211  211  210  210  210  209  209  209  208  207  207
  206  205  204  203  202  201  200  199  198  197  196  195  194  193  193  192
  191  191  191  190  190  190  191  191  191  192  192  193  194  195  195  196
  197  198  199  201  202  203  204  205  205  206  207  208  208  209  209  210
  210  210  211  211  211  211  211  211  211
    85.0-180.0 180.0   5.0 450.0                            LAT/LON1/LON2/DLON/H
  217  217  217  217  217  217  217  217  218  218  218  217  217  216  215  214
  213  212  210  208  206  204  202  199  197  195  193  190  189  187  185  184
  183  182  181  181  180  181  181  182  182  184  185  187  188  190  192  195
  197  199  202  204  206  208  210  212  214  215  217  218  218  219  219  219
  219  219  219  219  218  218  217  217  217
    82.5-180.0 180.0   5.0 450.0                            LAT/LON1/LON2/DLON/H
  218  218  218  218  219  219  220  222  223  224  224  225  225  225  225  223
  222  220  218  215  212  209  205  202  198  194  191  188  185  183  180  178
  177  176  175  175  175  175  176  177  178  180  182  184  187  190  194  197
  201  204  208  212  215  219  222  224  227  229  230  231  231  231  231  230
  229  227  226  224  223  221  220  219  218
    80.0-180.0 180.0   5.0 450.0                            LAT/LON1/LON2/DLON/H
  216  215  215  216  217  218  220  223  225  227  230  231  233  233  233  232
  231  229  226  222  218  214  210  205  200  196  192  188  184  181  179  177
  176  175  174  174  174  175  176  177  179  181  184  187  191  195  199  204
  208  213  218  223  228  232  236  239  242  244  245  246  246  245  243  241
  239  236  232  229  226  223  220  218  216
    77.5-180.0 180.0   5.0 450.0                            LAT/LON1/LON2/DLON/H
  213  212  211  211  213  215  218  222  225  229  233  236  238  240  240  240
  239  237  234  230  225  220  215  209  204  198  194  190  186  184  182  180
  179  179  179  179  180  181  182  183  185  188  191  194  198  203  208  213
  219  225  230  236  241  246  250  254  257  260  261  261  261  259  256  253
  248  244  239  234  229  224  220  216  213
    75.0-180.0 180.0   5.0 450.0                            LAT/LON1/LON2/DLON/H
  213  210  208  208  209  212  215  220  224  229  234  238  242  244  246  246
  245  243  240  236  231  226  220  214  208  203  198  194  191  189  188  187
  187  188  188  189  190  190  191  193  194  197  200  204  208  213  219  224
  230  236  242  248  253  258  263  267  270  272  274  274  273  271  268  263
  258  252  246  240  234  228  222  217  213
    72.5-180.0 180.0   5.0 450.0                            LAT/LON1/LON2/DLON/H
  217  212  209  207  207  209  213  217  223  228  234  239  243  246  248  249
  249  247  245  241  237  231  226  219  214  208  204  201  198  197  197  198
  198  199  200  201  201  202  202  203  204  206  209  213  217  223  229  235
  241  247  252  257  262  266  271  274  278  281  282  283  282  280  276  272
  267  261  255  249  242  236  229  223  217
    70.0-180.0 180.0   5.0 450.0                            LAT/LON1/LON2/DLON/H
  226  220  214  210  209  209  211  215  220  226  232  237  242  245  248  250
  250  250  248  245  242  237  231  226  220  215  212  209  208  208  209  209
  210  211  212  212  212  212  211  211  212  213  215  219  224  230  236  242
  248  253  258  262  265  269  272  276  280  283  285  286  286  284  281  277
  273  268  264  259  253  247  241  234  226
    67.5-180.0 180.0   5.0 450.0                            LAT/LON1/LON2/DLON/H
  240  231  223  217  212  210  211  213  217  222  228  233  238  242  246  248
  250  250  250  248  245  241  237  232  227  224  221  220  220  221  221  222
  222  222  222  221  220  219  217  216  215  215  217  220  225  231  238  245
  251  255  259  261  263  266  268  271  275  279  282  284  285  284  282  279
  276  274  271  269  266  262  256  248  240
    65.0-180.0 180.0   5.0 450.0                            LAT/LON1/LON2/DLON/H
  254  244  234  224  217  213  210  211  213  217  222  227  233  237  242  245
  247  249  249  248  247  244  241  238  235  233  232  233  234  234  234  234
  232  230  228  226  223  221  218  216  214  213  214  216  221  227  234  241
  247  252  255  256  256  257  258  261  265  270  274  278  279  279  278  277
  275  275  276  277  277  275  270  263  254
    62.5-180.0 180.0   5.0 450.0                            LAT/LON1/LON2/DLON/H
  266  255  243  232  222  215  210  208  208  211  215  220  226  231  236  240
  243  245  246  247  246  245  244  243  242  243  244  246  248  248  247  243
  239  234  230  226  222  219  216  212  209  206  205  207  211  217  224  232
  239  244  246  247  246  246  246  248  253  258  264  269  271  272  271  270
  271  272  276  280  283  284  281  275  266
    60.0-180.0 180.0   5.0 450.0                            LAT/LON1/LON2/DLON/H
  273  262  250  238  227  218  211  206  204  204  207  213  219  225  231  236
  239  241  242  243  243  243  244  246  248  251  255  259  261  260  256  250
  242  233  227  221  218  214  210  206  201  197  194  194  197  202  209  218
  225  231  235  236  235  234  234  236  240  247  253  259  262  263  263  262
  263  266  271  277  282  285  285  281  273
    57.5-180.0 180.0   5.0 450.0                            LAT/LON1/LON2/DLON/H
  272  264  254  243  232  222  213  206  201  199  201  206  213  220  227  231
  234  236  236  237  238  240  243  247  253  259  265  270  272  270  263  252
  240  228  220  214  210  207  203  198  193  187  183  180  181  185  192  200
  209  217  222  225  225  224  224  226  230  237  244  250  254  255  255  254
  254  257  262  269  275  280  281  278  272
    55.0-180.0 180.0   5.0 450.0                            LAT/LON1/LON2/DLON/H
  266  261  255  247  239  230  220  210  203  199  199  203  209  217  224  228
  231  231  231  231  232  235  240  247  255  264  272  278  279  274  264  249
  233  220  210  205  202  199  196  191  185  178  172  168  167  168  174  182
  192  202  211  217  219  219  219  221  225  231  239  245  249  250  249  248
  247  249  253  258  264  268  270  269  266
    52.5-180.0 180.0   5.0 450.0                            LAT/LON1/LON2/DLON/H
  258  258  256  254  249  242  232  221  211  205  202  204  209  216  222  227
  229  229  227  226  227  231  238  247  258  268  277  282  281  274  261  243
  225  210  200  196  194  192  189  184  178  172  165  160  156  155  158  165
  176  189  202  212  217  220  220  222  225  230  237  243  247  249  248  246
  244  244  246  249  253  255  257  258  258
    50.0-180.0 180.0   5.0 450.0                            LAT/LON1/LON2/DLON/H
  253  257  261  264  264  259  251  239  228  219  213  212  214  219  224  227
  229  229  227  226  227  231  239  249  260  270  278  282  279  270  254  234
  216  201  192  189  188  186  183  179  174  169  163  158  152  148  147  152
  164  179  195  210  219  225  226  228  230  234  240  245  249  251  251  249
  247  246  245  245  245  246  247  250  253
    47.5-180.0 180.0   5.0 450.0                            LAT/LON1/LON2/DLON/H
  255  263  272  279  283  282  275  265  252  241  232  227  224  225  227  230
  233  234  233  232  232  236  243  253  264  273  279  280  275  263  247  227
  209  196  189  186  184  182  178  174  172  170  167  162  155  147  143  145
  155  172  192  210  224  232  236  237  239  241  246  250  254  257  257  257
  255  253  250  247  245  244  245  249  255
    45.0-180.0 180.0   5.0 450.0                            LAT/LON1/LON2/DLON/H
  267  278  290  300  307  308  304  295  282  270  258  247  239  234  233  235
  239  243  245  245  244  247  253  262  271  277  280  278  271  258  242  224
  209  198  191  188  184  179  175  172  172  175  176  173  165  154  146  144
  152  169  191  212  229  240  246  248  249  251  254  258  261  264  266  268
  268  266  262  258  254  252  253  258  267
    42.5-180.0 180.0   5.0 450.0                            LAT/LON1/LON2/DLON/H
  290  301  313  324  332  336  334  327  316  303  288  273  259  247  241  243
  250  258  264  265  264  264  268  275  281  285  284  279  270  258  243  228
  216  206  200  194  187  179  174  172  177  184  190  189  180  167  154  149
  154  169  191  213  232  245  253  257  259  261  263  266  269  273  276  280
  282  282  279  274  270  269  272  279  290
    40.0-180.0 180.0   5.0 450.0                            LAT/LON1/LON2/DLON/H
  320  331  341  351  358  363  363  358  349  337  321  303  282  264  254  254
  264  277  287  290  288  286  287  292  296  297  293  285  275  263  251  240
  230  221  214  204  193  182  175  176  185  197  206  207  198  182  166  157
  159  171  191  212  231  246  256  263  266  269  272  275  277  281  285  290
  295  297  296  293  291  293  299  309  320
    37.5-180.0 180.0   5.0 450.0                            LAT/LON1/LON2/DLON/H
  353  363  370  376  383  388  390  388  381  371  356  335  310  286  271  270
  282  300  314  319  315  310  308  311  314  312  306  296  285  275  266  257
  248  240  229  215  200  187  180  184  196  212  223  225  215  197  178  167
  165  174  190  208  226  241  254  263  270  275  280  283  285  287  291  297
  304  308  310  311  313  319  330  342  353
    35.0-180.0 180.0   5.0 450.0                            LAT/LON1/LON2/DLON/H
  385  392  396  400  405  411  415  415  411  403  390  369  343  315  296  293
  306  327  344  348  342  334  330  331  333  330  322  311  300  290  282  275
  267  256  242  224  206  192  187  194  209  227  238  238  226  207  188  175
  172  177  187  201  216  231  245  258  269  278  285  289  291  292  295  301
  309  315  319  323  330  342  358  373  385
    32.5-180.0 180.0   5.0 450.0                            LAT/LON1/LON2/DLON/H
  410  415  417  420  425  433  439  442  440  434  424  406  381  353  331  324
  336  356  373  376  367  355  349  349  351  348  338  326  314  304  296  289
  279  266  248  228  209  197  196  206  222  238  246  243  230  211  193  181
  176  178  183  192  203  217  232  248  264  277  287  294  296  296  297  302
  309  317  323  330  342  359  379  398  410
    30.0-180.0 180.0   5.0 450.0                            LAT/LON1/LON2/DLON/H
  425  430  431  435  444  456  465  470  470  466  458  446  425  399  375  365
  372  389  402  402  389  374  364  363  364  360  349  335  321  311  302  292
  280  265  245  225  208  200  203  216  232  244  247  239  224  206  190  181
  177  176  177  181  188  201  217  236  255  273  287  297  299  299  298  301
  308  316  324  333  347  368  392  412  425
    27.5-180.0 180.0   5.0 450.0                            LAT/LON1/LON2/DLON/H
  430  435  439  447  462  479  494  501  501  498  495  488  475  454  430  415
  414  424  431  425  407  388  376  372  371  364  351  334  318  305  294  282
  268  252  232  214  202  199  207  222  235  241  237  225  209  193  182  175
  173  171  169  169  173  184  202  222  245  267  285  298  302  301  299  301
  308  316  323  333  348  371  396  418  430
    25.0-180.0 180.0   5.0 450.0                            LAT/LON1/LON2/DLON/H
  428  434  441  455  478  503  523  534  535  532  532  532  528  513  491  471
  462  461  459  446  423  399  382  374  368  357  340  320  301  286  272  259
  244  228  212  199  192  196  207  221  230  230  220  204  188  175  168  165
  164  163  159  156  159  170  188  210  235  260  282  298  305  304  302  304
  310  318  326  335  350  371  396  416  428
    22.5-180.0 180.0   5.0 450.0                            LAT/LON1/LON2/DLON/H
  422  429  440  460  490  524  551  565  567  566  567  574  578  572  553  530
  511  499  486  465  436  406  384  369  356  338  316  292  271  254  240  226
  212  199  189  182  182  190  202  213  217  211  197  180  165  155  151  151
  152  150  146  143  146  157  176  200  226  254  279  298  307  308  307  310
  317  326  333  341  354  373  395  412  422
    20.0-180.0 180.0   5.0 450.0                            LAT/LON1/LON2/DLON/H
  418  425  438  463  498  538  571  590  595  595  598  609  621  623  609  584
  558  535  512  483  447  411  381  357  334  309  281  254  232  216  202  189
  179  172  168  169  174  183  193  200  198  188  173  157  144  137  135  136
  137  136  132  130  134  147  167  192  220  249  277  298  310  314  315  319
  328  338  346  354  364  380  397  410  418
    17.5-180.0 180.0   5.0 450.0                            LAT/LON1/LON2/DLON/H
  419  425  438  464  500  542  579  604  613  615  620  634  651  660  651  627
  596  564  533  497  456  413  374  338  305  271  239  212  192  178  167  158
  153  152  156  162  170  177  182  183  177  165  151  139  129  123  121  121
  121  119  116  116  123  138  161  187  216  246  275  299  314  320  324  331
  343  355  365  372  381  393  405  414  419
    15.0-180.0 180.0   5.0 450.0                            LAT/LON1/LON2/DLON/H
  428  432  443  465  497  536  574  603  618  624  629  643  662  675  672  652
  619  583  546  506  460  411  362  315  272  232  198  174  159  149  142  138
  139  145  154  164  171  174  172  166  157  146  137  128  121  115  111  108
  105  102  100  102  111  130  155  184  215  246  276  301  318  327  334  344
  358  373  385  393  401  411  420  426  428
    12.5-180.0 180.0   5.0 450.0                            LAT/LON1/LON2/DLON/H
  445  447  454  468  491  522  556  587  608  618  625  636  653  668  670  654
  624  588  549  506  457  403  345  289  238  195  164  146  138  134  133  134
  139  149  162  174  178  173  163  151  141  134  129  125  119  112  104   97
   91   87   85   89  100  121  150  181  214  246  276  302  321  333  343  356
  372  389  403  413  422  431  439  443  445
    10.0-180.0 180.0   5.0 450.0                            LAT/LON1/LON2/DLON/H
  467  469  472  477  487  504  531  561  586  601  608  615  627  640  645  635
  610  577  539  496  446  388  325  262  208  166  142  132  132  136  139  142
  150  162  176  186  186  174  156  140  130  128  128  127  121  111   99   88
   80   75   73   77   90  113  144  178  212  245  275  302  323  338  351  365
  382  400  416  429  440  451  459  464  467
     7.5-180.0 180.0   5.0 450.0                            LAT/LON1/LON2/DLON/H
  491  495  496  493  489  491  506  531  558  577  584  586  591  599  604  598
  579  550  516  475  426  367  302  237  184  148  133  133  141  150  155  160
  166  177  190  196  191  173  151  132  125  126  130  130  122  109   95   82
   73   67   65   69   82  105  136  172  208  241  272  299  322  340  355  370
  387  405  422  437  451  464  475  484  491
     5.0-180.0 180.0   5.0 450.0                            LAT/LON1/LON2/DLON/H
  510  520  522  515  501  489  491  508  533  553  560  557  554  554  556  551
  537  513  482  445  399  342  278  216  168  141  136  145  159  170  175  177
  180  187  196  198  189  168  144  126  122  126  131  130  119  104   89   77
   69   63   62   65   76   98  128  164  200  233  263  292  317  339  356  371
  386  402  419  436  452  468  483  497  510
     2.5-180.0 180.0   5.0 450.0                            LAT/LON1/LON2/DLON/H
  521  538  547  542  523  502  491  499  518  537  542  535  525  517  513  507
  493  471  443  410  368  316  256  200  160  143  147  162  178  188  189  187
  185  187  190  189  178  157  134  120  118  124  128  123  110   94   82   73
   67   64   62   64   73   91  118  152  187  220  250  279  307  333  352  367
  379  393  409  426  444  462  480  500  521
