public/data/global.ionex
     1.0            IONOSPHERE MAPS     GNSS                IONEX VERSION / TYPE
ADDNEQ2 V5.5        AIUB                04-JUL-26 19:00     PGM / RUN BY / DATE 
CODE'S GLOBAL IONOSPHERE MAPS FOR DAY 181, 2026             COMMENT             
Global ionosphere maps (GIM) are generated on a daily basis DESCRIPTION         
at CODE using data from about 300 GNSS sites of the IGS and DESCRIPTION         
other institutions. The vertical total electron content     DESCRIPTION         
(VTEC) is modeled in a solar-geomagnetic reference frame    DESCRIPTION         
using a spherical harmonics expansion up to degree and      DESCRIPTION         
order 15. Piece-wise linear functions are used for          DESCRIPTION         
representation in the time domain. The time spacing of      DESCRIPTION         
their vertices is 1 hour, conforming with the epochs of the DESCRIPTION         
VTEC maps.                                                  DESCRIPTION         
To convert line-of-sight TEC into vertical TEC, a modified  DESCRIPTION         
single-layer model mapping function approximating the JPL   DESCRIPTION         
extended slab model mapping function is adopted. The        DESCRIPTION         
mapping function is evaluated at geodetic satellite         DESCRIPTION         
elevation angles. For the computation of the ionospheric    DESCRIPTION         
pierce points, a spherical layer with a radius of 6821 km   DESCRIPTION         
is assumed, implying geocentric, not geodetic IONEX         DESCRIPTION         
latitudes.                                                  DESCRIPTION         
Instrumental biases with respect to each involved GNSS code DESCRIPTION         
observable are estimated as constant values for each        DESCRIPTION         
day. They are modeled with one set of bias parameters for   DESCRIPTION         
each satellite and each station in case of GPS and for each DESCRIPTION         
satellite-station link in case of GLONASS. The code bias    DESCRIPTION         
datum is defined by zero-mean conditions imposed on the     DESCRIPTION         
satellite bias estimates. In this file, just GPS C1W-C2W    DESCRIPTION         
satellite and station bias values are included. The         DESCRIPTION         
complete set of GNSS code bias results is provided in an    DESCRIPTION         
additional Bias-SINEX file as pseudo-absolute values        DESCRIPTION         
specific to each observable.                                DESCRIPTION         
Note: These GIM results correspond to the results for the   DESCRIPTION         
middle day of a 3-day combination analysis solving for 73   DESCRIPTION         
times 256, or 18688 VTEC parameters and 3 daily sets of     DESCRIPTION         
GNSS code bias parameters.                                  DESCRIPTION         
Contact address: code(at)aiub.unibe.ch                      DESCRIPTION         
Data archive:    ftp.aiub.unibe.ch/CODE/                    DESCRIPTION         
                 www.aiub.unibe.ch/download/CODE/           DESCRIPTION         
  2026     6    30     0     0     0                        EPOCH OF FIRST MAP  
  2026     7     1     0     0     0                        EPOCH OF LAST MAP   
  3600                                                      INTERVAL            
[...]
badg bake barh bjfs bndy boav bogo bogt bor1 braz brft brst COMMENT             
brux bshm cags cas1 ccj2 cedu chpg chpi chti chur ckis cmum COMMENT             
coco cord cpvg cpxf cro1 daej darw dav1 dgar dhlg djig drao COMMENT             
dubi dubo ebre faa1 fair flin flrs frdn gamb ganp glps glsv COMMENT             
gode gol2 gold gope gras graz guam guug harb hers hert hlfx COMMENT             
hnpt hob2 hofn holb holm hrao iddr ieng iisc impz ineg iqal COMMENT             
irkj ispa jdpr jog2 joz2 joze karr kerg kir0 kiri kiru kit3 COMMENT             
kokb kokv kouc koug kour krgg lama laut lck4 lmmf lpal lpgs COMMENT             
m0se mac1 madr mal2 mas1 mat1 mate maui maw1 mcil mcm4 mdo1 COMMENT             
medi mgue mizu mkea mnls mobs monp morp mqzg mro1 mtka nano COMMENT             
naur nico nist nium nklg nlib nnor not1 nrc1 nrmd nya1 nyal COMMENT             
onsa ous2 park pdel penc pert pie1 pimo pohn pol2 pots pove COMMENT             
ptag ptbb ptvl qaq1 quin rbay reso reun reyk rgdg rio2 roth COMMENT             
salu samo sant sch2 scor scrz sctb seyg sfer smst spt0 sthl COMMENT             
stjo stk2 str2 suth sutm suwn sydn syog tash thtg thti thu2 COMMENT             
tid1 tidb tlse tn22 tow2 tro1 tskb tuva twtf txes uclu ulab COMMENT             
unb3 unbj unsa urum usn7 usud vald vill vtsp wab2 wark wgtn COMMENT             
whit will wind wsrt wtza wtzl wtzr wtzs wtzz xmis yar2 yar3 COMMENT             
yarr yell ykro zamb zeck zim2 zim3 zimm                     COMMENT             
                                                            END OF HEADER       
[from data line 8580]
    21                                                      START OF TEC MAP    
  2026     6    30    20     0     0                        EPOCH OF CURRENT MAP
    87.5-180.0 180.0   5.0 450.0                            LAT/LON1/LON2/DLON/H
  124  123  123  122  121  121  120  120  119  119  118  118  117  117  117  117
  117  117  117  117  118  118  119  119  120  121  122  123  123  124  125  126
  127  127  128  129  129  130  130  131  131  131  131  131  131  131  131  131
  131  131  131  131  130  130  130  130  130  129  129  129  129  129  128  128
  128  127  127  127  126  126  125  125  124
    85.0-180.0 180.0   5.0 450.0                            LAT/LON1/LON2/DLON/H
  131  130  128  127  125  124  122  121  119  118  117  116  115  114  113  113
  113  113  113  113  114  115  117  119  121  123  125  127  130  132  134  137
  139  140  142  143  145  145  146  147  147  147  147  147  147  146  146  145
  144  144  143  142  142  141  141  140  140  140  140  140  140  139  139  139
  139  139  138  137  136  135  134  133  131
    82.5-180.0 180.0   5.0 450.0                            LAT/LON1/LON2/DLON/H
  141  138  135  132  129  127  125  123  121  119  118  116  115  113  112  111
  110  109  109  110  111  113  115  118  122  126  130  135  140  144  149  152
  156  159  162  164  166  167  168  168  168  168  168  168  167  166  165  164
  163  161  160  158  157  155  154  154  153  153  153  153  153  154  154  154
  154  154  153  152  151  149  146  144  141
    80.0-180.0 180.0   5.0 450.0                            LAT/LON1/LON2/DLON/H
  149  144  139  135  131  128  125  123  122  121  120  119  117  116  114  112
  110  108  107  106  107  109  113  117  123  129  136  144  151  158  164  170
  175  179  183  186  188  189  190  191  191  191  191  191  190  189  188  186
  184  182  179  177  174  171  169  167  166  165  166  166  167  168  170  171
  171  171  170  169  166  163  158  154  149
    77.5-180.0 180.0   5.0 450.0                            LAT/LON1/LON2/DLON/H
  154  146  139  132  128  124  122  122  122  123  125  125  125  124  121  118
  115  111  108  106  105  107  111  116  124  132  142  152  161  171  179  186
  192  197  201  203  205  207  208  209  210  210  211  212  212  212  211  209
  206  203  199  195  190  186  182  179  176  175  175  177  179  181  184  186
  188  188  187  185  181  176  169  162  154
    75.0-180.0 180.0   5.0 450.0                            LAT/LON1/LON2/DLON/H
  157  146  135  127  121  118  117  119  123  128  133  137  139  140  137  133
  127  121  115  110  108  108  112  118  126  136  147  159  170  180  189  197
  203  208  211  214  215  217  218  219  221  223  225  227  228  229  229  228
  225  221  216  209  203  196  190  185  181  180  180  182  186  190  194  198
  201  203  202  200  194  187  178  168  157
    72.5-180.0 180.0   5.0 450.0                            LAT/LON1/LON2/DLON/H
  160  146  133  122  115  111  112  117  125  135  146  155  161  164  163  158
  150  141  132  124  119  117  119  125  133  143  155  166  177  187  195  202
  208  211  214  216  217  218  220  222  224  228  231  234  237  240  240  239
  236  232  225  217  208  199  191  184  180  178  178  182  187  193  200  206
  211  214  214  212  206  197  186  174  160
    70.0-180.0 180.0   5.0 450.0                            LAT/LON1/LON2/DLON/H
  167  151  136  123  114  110  112  119  131  147  163  178  190  196  197  192
  183  171  159  148  140  137  137  141  148  157  167  176  185  192  198  203
  207  209  210  211  212  213  215  218  222  226  230  235  239  241  242  241
  238  233  225  215  205  194  184  176  171  170  171  176  183  192  201  209
  216  221  222  220  215  207  196  182  167
    67.5-180.0 180.0   5.0 450.0                            LAT/LON1/LON2/DLON/H
  180  164  148  134  123  118  119  128  143  162  184  205  222  233  236  233
  223  210  196  182  173  167  166  168  173  179  185  190  195  198  201  203
  204  205  205  205  206  207  209  213  217  222  226  231  234  236  236  234
  230  224  215  205  194  182  172  164  159  158  161  168  177  188  199  209
  217  223  226  226  223  216  207  194  180
    65.0-180.0 180.0   5.0 450.0                            LAT/LON1/LON2/DLON/H
  200  186  171  157  144  137  137  145  160  182  207  233  254  270  276  275
  266  253  238  224  213  207  205  205  207  209  211  210  209  208  206  205
  204  204  203  203  203  204  207  211  215  219  223  226  227  226  224  220
  215  208  199  189  177  166  156  149  146  146  151  159  170  183  195  206
  216  222  227  228  228  225  220  211  200
    62.5-180.0 180.0   5.0 450.0                            LAT/LON1/LON2/DLON/H
  226  217  205  191  178  168  165  170  183  204  231  258  283  302  312  313
  306  294  280  267  257  251  249  249  248  247  243  237  230  224  218  214
  212  210  208  207  207  208  211  215  219  223  224  224  221  216  210  203
  196  188  180  170  160  150  142  137  135  137  144  153  166  179  192  203
  212  219  224  228  231  233  233  231  226
    60.0-180.0 180.0   5.0 450.0                            LAT/LON1/LON2/DLON/H
  254  252  244  233  220  208  201  201  211  228  253  280  305  326  338  342
  338  329  317  306  298  294  293  293  291  287  279  268  256  246  237  231
  228  225  222  220  219  219  222  226  230  232  232  227  219  209  198  187
  178  170  162  154  146  138  132  129  129  133  141  152  164  177  190  200
  209  215  220  226  232  239  246  252  254
    57.5-180.0 180.0   5.0 450.0                            LAT/LON1/LON2/DLON/H
  280  285  284  276  265  252  242  238  241  253  273  296  320  340  354  360
  359  352  344  335  330  329  330  332  331  326  315  301  286  273  263  256
  252  248  243  239  236  236  238  242  246  247  244  235  222  205  189  175
  164  155  149  143  137  132  129  128  130  135  143  154  166  178  190  199
  206  211  216  223  232  244  257  270  280
    55.0-180.0 180.0   5.0 450.0                            LAT/LON1/LON2/DLON/H
  301  313  317  315  307  295  283  275  273  278  291  309  329  346  360  367
  368  364  358  352  350  351  356  361  363  359  349  333  317  302  292  285
  280  275  269  262  256  253  255  259  263  264  259  246  228  206  185  168
  155  147  142  139  136  133  132  133  136  142  150  159  170  181  191  199
  205  209  214  221  233  248  266  285  301
    52.5-180.0 180.0   5.0 450.0                            LAT/LON1/LON2/DLON/H
  316  332  342  344  341  332  321  311  305  304  310  320  334  347  358  365
  367  365  361  358  357  362  369  378  384  384  376  361  345  330  320  314
  309  303  293  283  274  269  269  273  277  278  271  257  235  210  186  166
  153  146  143  142  140  139  139  142  146  152  158  166  175  184  193  201
  207  211  216  224  236  254  274  296  316
    50.0-180.0 180.0   5.0 450.0                            LAT/LON1/LON2/DLON/H
  325  343  355  362  364  360  352  343  335  330  329  333  339  347  353  358
  360  359  357  355  356  362  373  386  397  401  396  384  369  355  346  341
  335  327  315  301  289  281  279  282  286  287  280  265  242  215  189  169
  156  151  150  150  149  149  150  153  158  163  168  173  179  187  196  204
  211  216  222  231  245  263  283  305  325
    47.5-180.0 180.0   5.0 450.0                            LAT/LON1/LON2/DLON/H
  331  347  360  371  377  379  376  371  364  357  351  348  347  348  350  352
  353  353  352  351  353  359  372  388  404  412  411  402  388  375  367  362
  358  349  334  317  302  291  287  288  291  290  284  269  246  219  194  174
  164  160  161  161  160  159  160  164  169  173  176  179  183  190  199  208
  217  225  233  244  259  276  295  314  331
    45.0-180.0 180.0   5.0 450.0                            LAT/LON1/LON2/DLON/H
  336  348  360  372  383  391  394  394  390  383  375  367  359  354  351  350
  350  351  352  352  354  360  373  391  410  423  425  417  404  392  385  381
  378  369  354  335  318  305  298  295  295  292  285  271  250  225  201  183
  174  172  173  173  171  169  170  174  179  183  184  184  186  192  202  213
  225  236  248  262  278  295  311  324  336
    42.5-180.0 180.0   5.0 450.0                            LAT/LON1/LON2/DLON/H
  344  350  360  372  386  399  408  414  414  410  400  389  376  365  358  354
  354  357  360  362  364  370  382  400  420  435  439  432  420  408  402  401
  399  392  378  360  342  327  317  309  303  296  288  274  256  234  212  196
  188  187  187  186  182  178  178  182  188  191  192  190  189  194  205  219
  234  249  265  282  300  317  329  337  344
    40.0-180.0 180.0   5.0 450.0                            LAT/LON1/LON2/DLON/H
  354  356  363  375  390  406  421  432  437  435  427  414  398  382  371  365
  365  370  377  383  387  391  401  418  438  453  458  452  439  428  424  425
  426  422  411  395  378  362  347  333  319  307  296  283  268  249  229  214
  205  203  202  198  192  186  185  189  196  200  199  195  193  197  209  225
  243  261  281  302  322  339  349  352  354
    37.5-180.0 180.0   5.0 450.0                            LAT/LON1/LON2/DLON/H
  366  366  372  384  400  417  435  450  459  461  454  440  422  404  390  382
  383  392  403  413  419  424  431  445  463  477  482  476  464  454  452  456
  461  461  453  440  424  407  388  367  345  326  312  300  287  271  253  237
  226  221  217  211  202  194  192  196  203  207  205  200  197  201  213  230
  250  272  295  318  340  357  366  367  366
    35.0-180.0 180.0   5.0 450.0                            LAT/LON1/LON2/DLON/H
  378  379  386  399  414  432  450  468  481  486  482  469  450  431  414  405
  406  418  434  449  458  462  467  478  493  506  511  505  495  487  488  495
  503  506  501  490  475  457  434  406  378  353  335  323  313  299  281  263
  250  240  233  223  211  202  199  203  210  214  211  205  201  204  216  234
  256  279  304  329  352  369  377  379  378
    32.5-180.0 180.0   5.0 450.0                            LAT/LON1/LON2/DLON/H
  387  393  403  417  433  450  468  487  503  511  510  499  482  462  444  433
  434  447  466  485  497  501  504  511  523  535  540  537  529  524  528  537
  547  551  547  536  521  501  475  443  409  380  361  349  341  329  311  290
  272  257  246  233  220  210  206  210  216  218  215  208  202  205  217  236
  258  283  308  333  356  372  381  385  387
    30.0-180.0 180.0   5.0 450.0                            LAT/LON1/LON2/DLON/H
  392  404  419  436  452  468  486  505  524  536  538  531  516  497  479  467
  465  477  496  516  530  535  536  540  550  561  568  567  563  561  566  576
  585  588  581  568  549  527  499  466  431  402  382  372  365  355  336  312
  288  269  254  239  226  215  211  214  218  219  214  206  201  203  214  234
  257  281  306  330  351  367  377  384  392
    27.5-180.0 180.0   5.0 450.0                            LAT/LON1/LON2/DLON/H
  391  410  431  451  467  482  500  521  542  558  566  564  553  537  519  505
  500  507  523  541  554  558  558  561  569  580  588  591  590  591  596  604
  609  606  594  575  551  526  498  467  435  408  390  382  377  367  348  322
  294  271  253  238  225  216  212  213  215  214  209  201  195  197  208  227
  251  276  299  321  340  355  366  377  391
    25.0-180.0 180.0   5.0 450.0                            LAT/LON1/LON2/DLON/H
  385  409  435  458  475  490  507  530  555  576  590  595  590  578  561  546
  536  537  546  559  568  571  570  571  578  590  601  606  608  609  612  614
  612  601  580  552  522  493  467  441  417  395  381  374  370  361  343  315
  286  260  241  227  217  209  206  205  206  203  198  191  185  186  197  216
  240  265  289  309  325  339  351  365  385
    22.5-180.0 180.0   5.0 450.0                            LAT/LON1/LON2/DLON/H
  375  403  431  455  472  487  505  530  558  586  607  619  622  615  602  586
  573  567  567  571  574  574  572  573  580  592  604  611  613  612  610  605
  593  572  541  503  466  434  410  392  376  362  351  345  341  334  317  291
  262  237  219  207  200  195  193  191  190  187  183  177  172  173  182  200
  225  251  275  294  309  321  334  351  375
    20.0-180.0 180.0   5.0 450.0                            LAT/LON1/LON2/DLON/H
  363  392  420  443  459  474  493  519  551  583  611  632  643  643  635  622
  607  594  586  581  576  571  568  569  576  588  600  607  606  601  591  576
  555  524  483  437  393  359  338  327  321  314  306  300  295  289  275  253
  227  204  188  180  175  174  173  172  170  168  165  162  159  158  165  182
  206  234  258  277  292  305  319  338  363
    17.5-180.0 180.0   5.0 450.0                            LAT/LON1/LON2/DLON/H
  351  378  403  423  438  452  471  498  531  567  600  628  646  655  654  646
  633  618  602  588  576  567  562  563  570  581  591  595  590  578  560  536
  506  467  420  368  319  284  265  262  263  261  253  245  239  233  224  207
  187  168  155  149  148  149  150  150  148  147  148  147  146  144  148  162
  186  214  239  260  276  291  307  327  351
    15.0-180.0 180.0   5.0 450.0                            LAT/LON1/LON2/DLON/H
  341  364  385  401  414  427  444  469  501  537  573  605  630  645  652  652
  645  632  614  594  577  564  557  558  564  574  581  580  569  550  524  493
  456  413  363  310  261  225  208  209  214  213  204  192  183  179  174  164
  150  136  126  122  122  125  128  128  128  129  132  136  135  133  133  144
  166  193  220  242  261  280  298  319  341
    12.5-180.0 180.0   5.0 450.0                            LAT/LON1/LON2/DLON/H
  333  352  368  381  392  403  417  438  465  497  532  566  593  613  627  637
  640  634  619  597  576  561  554  555  560  567  570  564  548  523  491  455
  415  372  325  275  228  194  178  179  183  180  167  151  140  136  135  131
  123  114  107  103  104  107  110  111  111  114  120  126  128  124  122  129
  147  173  200  225  248  270  292  313  333
    10.0-180.0 180.0   5.0 450.0                            LAT/LON1/LON2/DLON/H
  328  344  357  368  377  386  396  410  429  455  485  515  541  563  583  602
  617  621  612  593  573  558  551  552  557  561  560  550  529  500  465  428
  390  350  309  266  225  194  178  175  175  167  149  129  116  114  116  116
  113  107  101   97   96   97   99   99   99  103  111  120  123  119  114  117
  132  156  183  209  236  262  287  309  328
     7.5-180.0 180.0   5.0 450.0                            LAT/LON1/LON2/DLON/H
  326  341  354  364  372  380  386  393  402  418  439  463  484  504  525  551
  577  593  593  580  563  551  546  548  552  554  550  537  513  483  449  414
  379  346  313  279  247  220  203  194  187  172  150  128  116  113  117  120
  119  115  109  103   99   97   96   95   93   95  103  113  118  115  109  110
  121  142  168  196  225  255  282  306  326
     5.0-180.0 180.0   5.0 450.0                            LAT/LON1/LON2/DLON/H
  325  343  358  370  379  386  389  389  390  395  407  421  434  447  466  495
  528  553  562  557  546  539  537  539  544  545  539  524  500  470  439  408
  379  352  327  304  281  259  241  226  211  190  166  145  134  133  136  139
  138  133  126  117  109  104  100   95   90   89   95  105  112  111  107  107
  116  134  158  185  216  248  278  304  325
     2.5-180.0 180.0   5.0 450.0                            LAT/LON1/LON2/DLON/H
  327  350  369  384  396  403  404  400  394  391  394  399  402  406  419  445
  479  509  525  526  522  520  522  527  531  531  524  508  485  458  431  405
  380  358  341  327  313  296  277  257  234  210  186  170  162  162  164  164
  160  154  145  134  122  113  105   96   87   83   86   95  103  106  105  106
  114  130  152  178  209  241  273  302  327
