public/data/global.ionex
     1.0            IONOSPHERE MAPS     GNSS                IONEX VERSION / TYPE
ADDNEQ2 V5.5        AIUB                06-JUL-26 18:59     PGM / RUN BY / DATE 
CODE'S GLOBAL IONOSPHERE MAPS FOR DAY 183, 2026             COMMENT             
Global ionosphere maps (GIM) are generated on a daily basis DESCRIPTION         
at CODE using data from about 300 GNSS sites of the IGS and DESCRIPTION         
other institutions. The vertical total electron content     DESCRIPTION         
(VTEC) is modeled in a solar-geomagnetic reference frame    DESCRIPTION         
using a spherical harmonics expansion up to degree and      DESCRIPTION         
order 15. Piece-wise linear functions are used for          DESCRIPTION         
representation in the time domain. The time spacing of      DESCRIPTION         
their vertices is 1 hour, conforming with the epochs of the DESCRIPTION         
VTEC maps.                                                  DESCRIPTION         
To convert line-of-sight TEC into vertical TEC, a modified  DESCRIPTION         
single-layer model mapping function approximating the JPL   DESCRIPTION         
extended slab model mapping function is adopted. The        DESCRIPTION         
mapping function is evaluated at geodetic satellite         DESCRIPTION         
elevation angles. For the computation of the ionospheric    DESCRIPTION         
pierce points, a spherical layer with a radius of 6821 km   DESCRIPTION         
is assumed, implying geocentric, not geodetic IONEX         DESCRIPTION         
latitudes.                                                  DESCRIPTION         
Instrumental biases with respect to each involved GNSS code DESCRIPTION         
observable are estimated as constant values for each        DESCRIPTION         
day. They are modeled with one set of bias parameters for   DESCRIPTION         
each satellite and each station in case of GPS and for each DESCRIPTION         
satellite-station link in case of GLONASS. The code bias    DESCRIPTION         
datum is defined by zero-mean conditions imposed on the     DESCRIPTION         
satellite bias estimates. In this file, just GPS C1W-C2W    DESCRIPTION         
satellite and station bias values are included. The         DESCRIPTION         
complete set of GNSS code bias results is provided in an    DESCRIPTION         
additional Bias-SINEX file as pseudo-absolute values        DESCRIPTION         
specific to each observable.                                DESCRIPTION         
Note: These GIM results correspond to the results for the   DESCRIPTION         
middle day of a 3-day combination analysis solving for 73   DESCRIPTION         
times 256, or 18688 VTEC parameters and 3 daily sets of     DESCRIPTION         
GNSS code bias parameters.                                  DESCRIPTION         
Contact address: code(at)aiub.unibe.ch                      DESCRIPTION         
Data archive:    ftp.aiub.unibe.ch/CODE/                    DESCRIPTION         
                 www.aiub.unibe.ch/download/CODE/           DESCRIPTION         
  2026     7     2     0     0     0                        EPOCH OF FIRST MAP  
  2026     7     3     0     0     0                        EPOCH OF LAST MAP   
  3600                                                      INTERVAL            
[...]
badg bake barh bjfs bndy boav bogo bogt bor1 braz brft brst COMMENT             
brux bshm cags cas1 ccj2 cedu chpg chpi chti chur ckis cmum COMMENT             
coco cord cpvg cpxf cro1 daej darw dav1 dgar dhlg djig drao COMMENT             
dubi dubo ebre faa1 fair flin flrs frdn gamb ganp glps glsv COMMENT             
gode gol2 gold gope gras graz guam guug harb hers hert hlfx COMMENT             
hnpt hob2 hofn holb holm hrao iddr ieng iisc impz ineg iqal COMMENT             
irkj ispa jdpr jog2 joz2 joze karr kerg kir0 kiri kiru kit3 COMMENT             
kokb kokv kouc koug kour krgg lama laut lck4 lmmf lpal lpgs COMMENT             
m0se mac1 madr mal2 mas1 mat1 mate maui maw1 mcil mcm4 mdo1 COMMENT             
medi mgue mizu mkea mnls mobs monp morp mqzg mro1 mtka nano COMMENT             
naur nico nist nium nklg nlib nnor not1 nrc1 nrmd nya1 nyal COMMENT             
onsa ous2 park pdel penc pert pie1 pimo pohn pol2 polv pots COMMENT             
pove ptbb ptvl qaq1 quin rbay reso reun reyk rgdg rio2 roth COMMENT             
salu samo sant sch2 scor scrz sctb seyg sfer smst spt0 sthl COMMENT             
stjo stk2 str2 suth sutm suwn sydn syog tash thtg thti thu2 COMMENT             
tid1 tidb tlse tn22 tow2 tro1 tskb tuva twtf txes uclu ufpr COMMENT             
ulab unb3 unbj unsa urum usn7 usud vald vill vtsp wab2 wark COMMENT             
wgtn whit will wind wsrt wtza wtzl wtzr wtzs wtzz xmis yar2 COMMENT             
yar3 yarr yell ykro zamb zeck zim2 zim3 zimm                COMMENT             
                                                            END OF HEADER       
[from data line 429]
     2                                                      START OF TEC MAP    
  2026     7     2     1     0     0                        EPOCH OF CURRENT MAP
    87.5-180.0 180.0   5.0 450.0                            LAT/LON1/LON2/DLON/H
  138  137  136  135  135  134  134  134  133  133  133  133  133  134  134  134
  135  135  136  136  137  137  138  139  139  140  141  141  142  143  144  144
  145  146  147  148  148  149  150  150  151  152  152  153  153  154  154  154
  154  154  154  154  154  154  154  153  153  152  151  150  150  149  148  147
  146  145  144  143  141  140  139  139  138
    85.0-180.0 180.0   5.0 450.0                            LAT/LON1/LON2/DLON/H
  136  135  133  132  131  130  129  129  128  128  128  129  129  130  130  131
  132  133  133  134  135  136  137  138  139  140  141  142  143  144  145  146
  147  149  150  152  153  154  156  157  159  160  162  163  164  165  166  166
  167  168  168  168  168  168  167  167  166  165  164  163  161  159  158  156
  154  151  149  147  145  142  140  138  136
    82.5-180.0 180.0   5.0 450.0                            LAT/LON1/LON2/DLON/H
  140  137  135  133  131  130  129  129  128  129  129  129  130  131  132  132
  133  134  135  136  137  138  139  139  140  141  141  142  143  144  145  146
  147  149  151  153  155  157  160  162  164  167  169  171  173  174  176  177
  178  179  180  181  181  182  182  181  181  180  179  178  176  174  172  169
  166  163  160  157  153  150  146  143  140
    80.0-180.0 180.0   5.0 450.0                            LAT/LON1/LON2/DLON/H
  149  145  142  139  137  136  135  135  135  135  135  136  136  137  138  138
  139  139  140  141  141  141  142  142  142  141  141  141  141  141  142  143
  144  146  149  151  154  157  161  164  167  170  173  176  178  180  182  184
  186  188  190  191  192  193  194  194  195  195  194  194  193  191  189  186
  183  180  176  172  167  162  157  153  149
    77.5-180.0 180.0   5.0 450.0                            LAT/LON1/LON2/DLON/H
  162  157  153  150  148  147  146  146  147  147  148  148  148  147  147  147
  146  146  146  146  146  146  145  144  143  142  140  139  137  137  136  137
  139  141  144  147  151  155  160  163  167  171  174  177  180  182  185  187
  190  192  195  197  199  201  202  204  205  206  207  208  208  208  207  205
  203  199  195  190  185  179  173  167  162
    75.0-180.0 180.0   5.0 450.0                            LAT/LON1/LON2/DLON/H
  178  172  167  164  162  161  161  162  163  163  164  163  162  161  159  157
  156  154  153  152  152  151  150  148  145  142  139  136  133  131  130  131
  132  135  138  143  148  152  157  162  165  169  172  175  177  180  183  186
  189  192  195  198  201  203  206  208  211  213  216  218  220  222  222  222
  221  218  215  210  204  198  191  184  178
    72.5-180.0 180.0   5.0 450.0                            LAT/LON1/LON2/DLON/H
  193  186  181  177  175  175  176  178  179  181  181  181  179  176  172  169
  165  163  161  159  158  157  155  152  149  144  140  135  131  128  126  126
  127  130  134  139  145  150  155  159  163  165  168  170  172  175  178  181
  185  189  192  196  199  201  204  207  211  215  219  223  227  230  233  235
  235  234  231  227  222  215  208  200  193
    70.0-180.0 180.0   5.0 450.0                            LAT/LON1/LON2/DLON/H
  206  198  192  188  186  186  188  190  194  196  198  197  194  190  185  180
  176  172  169  168  166  165  162  159  155  149  143  138  132  128  125  125
  126  129  133  138  144  149  153  157  159  161  162  164  166  168  172  176
  180  184  188  192  194  197  199  202  206  211  216  222  228  233  237  241
  242  243  241  239  234  228  221  214  206
    67.5-180.0 180.0   5.0 450.0                            LAT/LON1/LON2/DLON/H
  214  206  200  195  192  192  194  198  203  207  209  209  207  203  197  191
  186  182  179  178  177  175  173  169  164  158  151  144  139  134  131  129
  130  132  136  140  145  149  153  155  156  157  157  158  159  162  167  172
  177  182  185  188  190  191  192  195  198  203  209  216  223  229  235  239
  241  243  243  242  239  235  229  222  214
    65.0-180.0 180.0   5.0 450.0                            LAT/LON1/LON2/DLON/H
  218  210  203  197  194  193  195  199  205  210  214  216  215  212  207  201
  196  193  191  190  189  188  185  181  176  170  163  157  151  146  142  140
  139  140  142  145  148  151  153  154  153  153  152  153  155  158  164  170
  176  182  185  187  187  186  185  186  188  193  199  207  214  221  226  230
  232  234  236  236  236  234  231  225  218
    62.5-180.0 180.0   5.0 450.0                            LAT/LON1/LON2/DLON/H
  218  212  204  198  193  191  192  195  201  207  213  217  218  217  213  209
  206  203  202  202  203  202  200  196  191  185  179  173  168  163  159  155
  152  151  150  151  152  153  154  153  151  150  149  149  152  158  165  172
  180  185  188  188  186  182  179  177  178  182  189  197  204  210  214  216
  217  219  221  223  226  227  227  224  218
    60.0-180.0 180.0   5.0 450.0                            LAT/LON1/LON2/DLON/H
  216  211  205  198  193  189  188  189  193  200  206  212  216  217  216  214
  213  212  213  215  216  216  214  211  206  201  197  193  188  184  178  173
  167  163  159  157  156  155  154  152  150  148  147  149  153  159  168  177
  186  191  194  192  188  181  175  171  170  174  180  188  195  199  200  200
  199  199  201  206  211  216  219  219  216
    57.5-180.0 180.0   5.0 450.0                            LAT/LON1/LON2/DLON/H
  213  211  207  201  196  191  187  186  187  192  198  205  211  214  216  216
  217  219  222  225  228  229  228  225  221  218  215  213  210  205  198  190
  182  174  167  162  159  156  154  152  149  148  147  149  155  163  173  183
  192  199  201  198  192  183  174  167  165  168  175  182  188  190  189  185
  181  180  182  188  195  203  210  213  213
    55.0-180.0 180.0   5.0 450.0                            LAT/LON1/LON2/DLON/H
  211  212  211  208  204  198  193  189  187  188  192  199  205  210  213  216
  219  222  227  232  236  238  238  237  235  233  232  231  228  223  215  205
  193  182  172  165  160  156  154  152  150  149  149  151  157  165  176  188
  198  205  207  204  197  187  176  168  165  167  172  180  184  185  181  174
  168  165  167  174  183  193  202  208  211
    52.5-180.0 180.0   5.0 450.0                            LAT/LON1/LON2/DLON/H
  209  213  216  218  217  213  207  200  194  191  192  196  202  207  211  214
  218  223  229  236  241  245  246  246  245  245  246  246  243  237  228  215
  200  186  175  166  160  156  154  153  152  151  151  153  157  166  177  189
  200  208  212  210  204  194  183  174  169  170  175  181  185  184  178  170
  162  159  161  168  178  189  198  204  209
    50.0-180.0 180.0   5.0 450.0                            LAT/LON1/LON2/DLON/H
  210  216  223  229  232  232  227  219  210  203  200  200  203  207  210  213
  217  223  230  237  243  248  251  252  253  254  256  256  253  246  235  220
  204  189  176  166  160  157  156  156  156  155  154  154  157  164  174  186
  198  208  214  216  213  205  195  185  179  178  182  187  190  189  182  173
  166  163  165  173  182  191  199  205  210
    47.5-180.0 180.0   5.0 450.0                            LAT/LON1/LON2/DLON/H
  214  221  230  240  248  252  250  242  231  221  214  211  210  211  212  215
  218  224  231  238  245  250  253  256  258  260  262  262  259  251  238  223
  206  190  177  166  160  158  158  160  162  161  158  156  155  160  169  181
  194  206  216  221  222  218  211  202  195  192  194  197  200  198  192  185
  178  177  180  187  195  202  206  210  214
    45.0-180.0 180.0   5.0 450.0                            LAT/LON1/LON2/DLON/H
  223  228  238  250  262  270  271  265  254  242  231  225  221  219  218  220
  223  228  235  241  246  251  255  258  261  264  266  266  262  254  241  225
  209  194  180  169  162  160  162  166  169  168  164  158  155  156  163  175
  189  203  216  226  232  234  230  223  215  211  210  212  214  213  208  203
  199  199  203  209  215  219  220  220  223
    42.5-180.0 180.0   5.0 450.0                            LAT/LON1/LON2/DLON/H
  237  240  248  259  272  282  286  283  273  260  248  239  233  229  227  228
  232  237  243  247  251  254  257  260  264  267  269  269  265  257  245  230
  215  200  186  174  166  164  167  173  177  177  171  163  156  155  160  171
  186  201  217  231  243  250  251  246  239  233  230  230  232  231  229  225
  224  226  230  235  239  240  239  237  237
    40.0-180.0 180.0   5.0 450.0                            LAT/LON1/LON2/DLON/H
  259  259  263  270  281  290  295  293  285  273  261  252  244  239  237  239
  244  250  255  257  258  258  260  263  267  271  274  274  271  263  252  239
  225  210  195  182  172  168  172  179  185  186  180  170  161  158  162  172
  186  202  219  236  251  264  270  269  263  257  253  252  253  253  252  251
  251  253  257  261  263  263  262  260  259
    37.5-180.0 180.0   5.0 450.0                            LAT/LON1/LON2/DLON/H
  289  287  286  287  291  297  300  299  291  280  269  260  253  248  246  250
  257  265  269  269  267  265  265  268  272  277  281  282  280  273  263  251
  237  222  206  190  177  172  175  184  192  194  189  179  170  166  170  179
  191  205  221  239  257  273  284  287  285  280  276  275  276  277  277  276
  276  278  280  282  283  285  287  288  289
    35.0-180.0 180.0   5.0 450.0                            LAT/LON1/LON2/DLON/H
  326  325  319  313  309  308  307  304  296  285  275  266  259  254  253  259
  269  279  284  282  277  273  273  275  280  286  290  293  291  285  276  264
  250  234  216  198  183  175  177  186  195  199  197  189  181  179  182  190
  200  211  224  240  259  277  292  299  300  298  297  297  299  300  301  300
  298  297  296  297  299  304  312  321  326
    32.5-180.0 180.0   5.0 450.0                            LAT/LON1/LON2/DLON/H
  367  369  362  349  337  329  323  316  306  294  283  273  265  260  260  267
  279  291  296  294  287  282  282  286  291  297  302  305  304  297  287  274
  260  243  223  203  186  177  177  184  194  200  200  196  192  192  195  202
  209  216  225  238  256  275  291  303  309  311  313  316  319  321  321  318
  314  310  307  306  310  320  337  354  367
    30.0-180.0 180.0   5.0 450.0                            LAT/LON1/LON2/DLON/H
  408  417  410  395  378  364  353  342  329  314  300  288  278  270  268  274
  287  299  305  302  295  291  293  299  305  310  314  315  313  305  292  278
  262  245  225  204  186  176  174  179  187  193  197  198  199  202  206  212
  215  219  224  234  249  267  284  298  309  317  323  329  334  337  336  331
  325  319  314  313  318  334  358  386  408
    27.5-180.0 180.0   5.0 450.0                            LAT/LON1/LON2/DLON/H
  443  460  459  445  428  412  400  387  370  352  333  316  302  289  283  286
  296  306  311  308  302  301  306  314  320  323  323  321  315  304  289  273
  257  240  221  202  184  172  168  169  174  180  187  193  199  206  212  215
  217  217  219  227  240  256  273  288  303  316  327  337  344  347  345  339
  332  325  320  320  327  346  377  413  443
    25.0-180.0 180.0   5.0 450.0                            LAT/LON1/LON2/DLON/H
  469  493  500  493  481  469  459  446  429  407  384  361  340  322  309  305
  309  315  317  313  309  311  320  329  333  331  325  318  307  293  276  258
  242  227  211  195  180  168  159  155  156  161  170  181  193  202  209  212
  211  210  212  219  231  245  260  276  294  311  327  340  348  351  349  344
  337  332  329  331  339  359  392  432  469
    22.5-180.0 180.0   5.0 450.0                            LAT/LON1/LON2/DLON/H
  483  513  528  531  528  525  522  515  500  476  449  421  393  368  348  335
  331  330  326  320  316  321  332  341  341  332  318  304  289  271  253  236
  221  210  198  186  174  162  150  141  137  140  150  165  180  192  199  200
  199  198  202  211  223  237  250  266  285  305  324  340  349  352  350  346
  343  342  344  349  358  376  406  444  483
    20.0-180.0 180.0   5.0 450.0                            LAT/LON1/LON2/DLON/H
  485  517  540  554  562  570  578  580  571  550  520  489  457  426  399  377
  362  352  341  330  326  331  342  348  341  323  300  279  260  241  224  209
  198  191  184  176  167  155  141  127  118  119  130  147  164  177  184  184
  182  183  190  204  219  233  246  261  281  303  324  340  350  353  352  350
  351  357  366  375  384  398  420  450  485
    17.5-180.0 180.0   5.0 450.0                            LAT/LON1/LON2/DLON/H
  483  512  538  559  578  597  617  630  631  615  588  555  522  489  457  427
  403  381  362  345  337  340  348  347  331  303  271  245  224  208  194  184
  178  174  172  167  159  148  132  116  104  104  114  132  149  163  168  166
  163  166  178  197  217  233  247  263  282  305  327  344  353  357  357  358
  365  378  394  408  417  425  437  456  483
    15.0-180.0 180.0   5.0 450.0                            LAT/LON1/LON2/DLON/H
  481  503  528  552  576  603  632  657  668  661  639  610  579  547  513  479
  446  416  387  363  349  346  345  336  310  273  235  206  188  176  168  163
  163  163  163  159  152  141  125  108   97   96  106  123  140  151  154  151
  147  150  165  189  215  236  253  270  291  314  336  352  362  366  367  372
  384  403  425  444  454  458  459  466  481
    12.5-180.0 180.0   5.0 450.0                            LAT/LON1/LON2/DLON/H
  487  499  518  540  564  592  625  657  678  680  666  643  618  591  560  525
  486  448  411  380  358  345  335  314  279  236  196  169  156  150  149  152
  155  158  157  153  145  133  119  105   96   97  107  122  136  145  147  141
  134  136  152  181  213  240  261  281  303  327  349  365  375  380  384  391
  407  430  456  478  490  492  487  484  487
    10.0-180.0 180.0   5.0 450.0                            LAT/LON1/LON2/DLON/H
  506  509  520  535  551  573  602  636  663  673  667  651  634  615  589  555
  514  471  429  391  360  337  315  285  243  197  160  139  133  135  141  148
  154  157  154  147  137  126  114  105  101  105  115  127  138  145  145  137
  126  125  140  170  207  240  268  292  317  342  364  381  392  399  405  414
  431  455  483  506  521  525  520  511  506
     7.5-180.0 180.0   5.0 450.0                            LAT/LON1/LON2/DLON/H
  538  535  538  544  549  558  576  604  630  645  646  637  628  616  596  565
  525  480  435  393  355  322  289  251  206  162  132  119  121  130  141  150
  156  157  152  141  129  117  109  106  108  116  126  135  143  149  148  138
  123  116  127  157  197  236  270  299  327  353  376  394  408  418  426  437
  453  475  500  524  543  553  553  546  538
     5.0-180.0 180.0   5.0 450.0                            LAT/LON1/LON2/DLON/H
  579  575  574  572  566  559  560  575  595  610  613  610  606  599  584  555
  516  472  428  384  342  302  261  217  174  137  116  113  122  134  145  154
  158  156  147  133  119  108  103  106  114  125  134  141  147  153  152  141
  122  109  114  141  182  227  266  300  330  356  380  401  418  432  444  456
  470  488  508  529  552  571  583  584  579
     2.5-180.0 180.0   5.0 450.0                            LAT/LON1/LON2/DLON/H
  620  621  622  618  603  581  564  561  570  579  582  581  579  573  559  530
  491  449  407  366  323  279  234  191  152  125  115  119  131  143  151  154
  154  149  138  123  108   97   96  103  115  128  136  141  146  152  154  143
  122  103  102  125  166  212  256  292  323  350  374  397  418  437  453  466
  478  490  503  521  546  576  601  615  620
