public/data/global.ionex
     1.0            IONOSPHERE MAPS     GNSS                IONEX VERSION / TYPE
ADDNEQ2 V5.5        AIUB                07-JUL-26 19:00     PGM / RUN BY / DATE 
CODE'S GLOBAL IONOSPHERE MAPS FOR DAY 184, 2026             COMMENT             
Global ionosphere maps (GIM) are generated on a daily basis DESCRIPTION         
at CODE using data from about 300 GNSS sites of the IGS and DESCRIPTION         
other institutions. The vertical total electron content     DESCRIPTION         
(VTEC) is modeled in a solar-geomagnetic reference frame    DESCRIPTION         
using a spherical harmonics expansion up to degree and      DESCRIPTION         
order 15. Piece-wise linear functions are used for          DESCRIPTION         
representation in the time domain. The time spacing of      DESCRIPTION         
their vertices is 1 hour, conforming with the epochs of the DESCRIPTION         
VTEC maps.                                                  DESCRIPTION         
To convert line-of-sight TEC into vertical TEC, a modified  DESCRIPTION         
single-layer model mapping function approximating the JPL   DESCRIPTION         
extended slab model mapping function is adopted. The        DESCRIPTION         
mapping function is evaluated at geodetic satellite         DESCRIPTION         
elevation angles. For the computation of the ionospheric    DESCRIPTION         
pierce points, a spherical layer with a radius of 6821 km   DESCRIPTION         
is assumed, implying geocentric, not geodetic IONEX         DESCRIPTION         
latitudes.                                                  DESCRIPTION         
Instrumental biases with respect to each involved GNSS code DESCRIPTION         
observable are estimated as constant values for each        DESCRIPTION         
day. They are modeled with one set of bias parameters for   DESCRIPTION         
each satellite and each station in case of GPS and for each DESCRIPTION         
satellite-station link in case of GLONASS. The code bias    DESCRIPTION         
datum is defined by zero-mean conditions imposed on the     DESCRIPTION         
satellite bias estimates. In this file, just GPS C1W-C2W    DESCRIPTION         
satellite and station bias values are included. The         DESCRIPTION         
complete set of GNSS code bias results is provided in an    DESCRIPTION         
additional Bias-SINEX file as pseudo-absolute values        DESCRIPTION         
specific to each observable.                                DESCRIPTION         
Note: These GIM results correspond to the results for the   DESCRIPTION         
middle day of a 3-day combination analysis solving for 73   DESCRIPTION         
times 256, or 18688 VTEC parameters and 3 daily sets of     DESCRIPTION         
GNSS code bias parameters.                                  DESCRIPTION         
Contact address: code(at)aiub.unibe.ch                      DESCRIPTION         
Data archive:    ftp.aiub.unibe.ch/CODE/                    DESCRIPTION         
                 www.aiub.unibe.ch/download/CODE/           DESCRIPTION         
  2026     7     3     0     0     0                        EPOCH OF FIRST MAP  
  2026     7     4     0     0     0                        EPOCH OF LAST MAP   
  3600                                                      INTERVAL            
[...]
azgb badg bake barh bjfs bndy boav bogo bogt bor1 braz brft COMMENT             
brst brux bshm cags cas1 ccj2 cedu chpg chpi chti chur ckis COMMENT             
cmum coco cord cpvg cpxf cro1 daej darw dav1 dgar dhlg djig COMMENT             
drao dubi dubo ebre faa1 fair flin flrs frdn gamb ganp glps COMMENT             
glsv gode gol2 gold gope gras graz guam guug harb hers hert COMMENT             
hlfx hnpt hob2 hofn holb holm hrao iddr ieng iisc impz iqal COMMENT             
irkj ispa jdpr jog2 joz2 joze karr kerg kir0 kiri kiru kit3 COMMENT             
kokb kokv kouc koug kour krgg lama laut lck4 lmmf lpal lpgs COMMENT             
m0se mac1 madr mal2 mas1 mat1 mate maui maw1 mcil mcm4 mdo1 COMMENT             
medi mgue mizu mkea mnls mobs monp morp mqzg mro1 mtka nano COMMENT             
naur nico nist nium nklg nlib nnor not1 nrc1 nrmd nya1 nyal COMMENT             
onsa ous2 park pdel penc pert pie1 pimo pohn pol2 polv pots COMMENT             
pove ptag ptbb ptvl qaq1 quin rbay reso reun reyk rgdg rio2 COMMENT             
roth salu samo sant sch2 scor scrz sctb seyg sfer smst spt0 COMMENT             
sthl stjo stk2 str2 suth sutm suwn sydn syog tash thtg thti COMMENT             
thu2 tid1 tidb tlse tn22 tow2 tro1 tskb tuva twtf txes uclu COMMENT             
ufpr ulab unb3 unbj unsa urum usn7 usud vald vill vtsp wab2 COMMENT             
wark wgtn whit will wind wsrt wtza wtzl wtzr wtzs wtzz xmis COMMENT             
yar2 yar3 yarr yell ykro zamb zeck zim2 zim3 zimm           COMMENT             
                                                            END OF HEADER       
[from data line 9438]
    23                                                      START OF TEC MAP    
  2026     7     3    22     0     0                        EPOCH OF CURRENT MAP
    87.5-180.0 180.0   5.0 450.0                            LAT/LON1/LON2/DLON/H
  118  117  117  117  118  118  118  118  118  119  119  119  120  120  120  121
  121  121  122  122  122  123  123  123  123  123  123  123  123  123  123  123
  122  122  122  122  122  121  121  121  121  121  121  121  121  121  121  121
  121  121  121  121  121  121  121  121  121  121  121  121  121  120  120  120
  119  119  119  119  118  118  118  118  118
    85.0-180.0 180.0   5.0 450.0                            LAT/LON1/LON2/DLON/H
  116  116  115  115  116  116  117  117  118  119  120  121  122  122  123  124
  125  126  126  127  127  128  128  129  129  129  129  129  128  128  127  127
  126  126  125  124  124  123  122  122  121  121  121  121  121  121  122  122
  123  124  124  125  126  126  127  127  127  127  127  127  127  126  125  124
  123  122  121  120  119  118  117  116  116
    82.5-180.0 180.0   5.0 450.0                            LAT/LON1/LON2/DLON/H
  116  115  115  115  115  116  117  118  120  121  123  124  126  127  128  129
  130  131  131  132  132  133  133  134  134  134  134  134  133  133  132  131
  130  129  127  126  125  124  123  122  121  121  120  121  121  122  123  124
  126  127  129  131  132  134  135  136  137  138  138  137  137  136  134  133
  131  128  126  124  122  120  118  117  116
    80.0-180.0 180.0   5.0 450.0                            LAT/LON1/LON2/DLON/H
  117  116  116  117  118  119  121  123  125  127  129  131  132  133  134  134
  134  135  135  135  135  135  136  136  136  137  137  137  136  136  135  133
  132  130  129  127  125  123  122  121  120  120  119  120  121  122  124  126
  128  131  134  136  139  142  144  146  148  149  149  149  149  147  145  143
  140  137  134  130  127  124  121  119  117
    77.5-180.0 180.0   5.0 450.0                            LAT/LON1/LON2/DLON/H
  123  122  122  123  124  126  129  132  135  138  140  141  142  142  141  140
  139  137  136  135  134  134  134  134  135  135  136  136  136  135  134  133
  132  130  128  126  124  122  121  120  119  119  119  119  120  122  124  127
  130  133  137  141  145  148  152  155  157  158  159  160  159  158  156  153
  150  147  143  139  135  131  128  125  123
    75.0-180.0 180.0   5.0 450.0                            LAT/LON1/LON2/DLON/H
  134  133  133  134  136  139  142  146  149  152  153  154  153  152  149  146
  143  139  136  134  132  131  130  130  130  131  131  132  132  132  131  130
  129  127  125  124  122  121  120  119  118  118  119  120  121  123  125  128
  131  135  139  143  147  152  155  159  161  164  165  166  166  165  164  162
  160  157  154  151  147  143  139  136  134
    72.5-180.0 180.0   5.0 450.0                            LAT/LON1/LON2/DLON/H
  150  149  149  150  152  156  160  164  167  169  170  170  168  164  159  154
  148  142  137  133  129  127  126  125  125  126  126  127  127  127  127  126
  125  124  122  121  120  119  119  119  119  120  121  122  123  124  127  129
  132  135  139  143  147  151  154  158  161  163  165  166  167  168  169  169
  169  168  166  164  162  159  156  153  150
    70.0-180.0 180.0   5.0 450.0                            LAT/LON1/LON2/DLON/H
  171  170  169  170  173  176  180  183  186  188  188  186  183  177  171  163
  155  148  141  135  131  127  125  123  123  123  123  124  124  125  124  124
  123  122  121  120  120  120  121  121  122  123  124  125  126  127  128  130
  132  135  137  140  143  147  150  153  155  158  160  162  164  167  170  172
  175  177  179  180  180  178  176  174  171
    67.5-180.0 180.0   5.0 450.0                            LAT/LON1/LON2/DLON/H
  195  193  192  193  194  197  200  203  205  206  205  202  197  191  184  175
  166  158  150  143  138  134  130  128  126  125  125  125  126  126  126  126
  125  125  124  124  124  124  125  126  128  129  129  130  130  131  131  131
  132  133  135  136  138  140  142  145  147  149  151  154  158  162  167  173
  179  185  191  195  198  199  198  197  195
    65.0-180.0 180.0   5.0 450.0                            LAT/LON1/LON2/DLON/H
  217  215  214  214  215  217  219  221  222  221  219  215  210  204  197  188
  180  172  164  158  152  147  143  140  137  135  134  133  134  134  135  135
  134  133  132  132  132  133  134  135  135  136  136  136  135  134  134  133
  132  132  132  132  133  133  135  136  138  140  142  146  150  156  163  172
  181  191  200  208  214  217  219  218  217
    62.5-180.0 180.0   5.0 450.0                            LAT/LON1/LON2/DLON/H
  234  233  231  231  232  234  235  235  234  232  229  225  220  215  209  202
  195  189  182  177  172  167  163  158  154  151  149  148  149  149  150  150
  149  148  147  146  145  145  145  145  145  144  143  142  140  138  136  134
  132  131  129  128  127  127  128  129  131  133  135  139  144  150  158  169
  180  192  204  215  224  230  234  235  234
    60.0-180.0 180.0   5.0 450.0                            LAT/LON1/LON2/DLON/H
  244  243  243  243  245  246  247  245  243  238  234  230  226  223  219  215
  210  206  201  198  194  191  186  181  176  172  169  168  169  170  170  170
  169  167  165  163  161  160  159  157  155  152  149  146  143  141  138  135
  132  129  127  125  123  122  123  124  126  129  132  135  140  146  154  165
  177  190  203  216  227  236  241  244  244
    57.5-180.0 180.0   5.0 450.0                            LAT/LON1/LON2/DLON/H
  246  247  247  249  252  254  254  252  248  242  236  231  229  227  226  224
  222  220  218  217  216  213  209  204  199  194  191  190  190  192  193  192
  190  188  184  181  179  176  172  168  164  159  154  150  145  142  138  135
  131  128  124  121  119  119  120  122  125  128  132  135  139  144  151  160
  171  184  197  210  222  233  240  245  246
    55.0-180.0 180.0   5.0 450.0                            LAT/LON1/LON2/DLON/H
  243  244  246  250  254  258  260  258  252  244  236  231  229  229  229  230
  230  230  230  231  232  232  229  225  219  214  211  210  211  212  213  212
  209  205  201  197  194  189  184  177  170  163  157  151  146  141  137  133
  129  125  121  117  115  115  118  122  126  131  134  137  140  144  149  156
  165  175  187  199  212  224  233  239  243
    52.5-180.0 180.0   5.0 450.0                            LAT/LON1/LON2/DLON/H
  237  239  243  248  254  261  264  263  256  247  237  231  228  228  230  232
  233  234  236  239  242  244  243  240  235  230  227  226  227  229  229  227
  223  218  214  209  205  199  192  183  174  165  157  151  145  140  135  130
  125  121  116  113  111  112  116  122  129  135  139  141  142  145  148  154
  160  167  176  188  200  213  224  232  237
    50.0-180.0 180.0   5.0 450.0                            LAT/LON1/LON2/DLON/H
  233  236  240  246  255  264  269  269  263  252  241  232  228  228  230  231
  232  234  237  241  246  250  251  249  246  242  239  239  239  240  238  235
  230  225  221  216  212  206  197  187  176  167  158  151  145  139  133  127
  122  117  112  108  106  108  114  122  131  139  143  145  145  146  149  153
  157  162  169  179  191  205  218  228  233
    47.5-180.0 180.0   5.0 450.0                            LAT/LON1/LON2/DLON/H
  237  239  242  247  257  268  276  278  273  261  248  238  231  229  229  230
  230  232  235  240  246  252  255  255  253  251  249  248  248  247  244  239
  233  228  224  221  217  211  202  191  180  170  162  155  149  141  134  126
  119  114  108  104  102  105  111  122  133  142  146  148  147  148  150  154
  159  163  168  176  189  204  219  231  237
    45.0-180.0 180.0   5.0 450.0                            LAT/LON1/LON2/DLON/H
  249  250  251  254  263  275  286  290  286  275  261  248  238  234  231  230
  230  230  233  239  246  253  258  260  260  260  259  258  257  253  249  242
  236  231  228  227  224  219  210  198  187  177  171  164  157  148  138  129
  120  113  107  103  100  103  110  121  134  144  149  149  148  149  153  159
  165  169  174  182  195  212  229  242  249
    42.5-180.0 180.0   5.0 450.0                            LAT/LON1/LON2/DLON/H
  269  270  268  268  275  286  298  304  303  293  278  263  250  242  237  234
  232  233  236  242  249  256  263  267  270  272  272  271  268  263  256  249
  242  238  237  237  236  232  223  211  200  192  186  181  173  161  148  136
  125  117  111  105  102  103  110  121  135  145  150  150  149  151  158  167
  176  182  187  195  209  228  247  262  269
    40.0-180.0 180.0   5.0 450.0                            LAT/LON1/LON2/DLON/H
  295  295  291  288  292  301  313  322  323  315  300  283  267  255  247  242
  240  241  244  250  257  265  272  279  284  289  291  289  285  278  269  261
  254  251  252  254  255  251  242  231  220  213  209  203  194  180  163  148
  135  126  119  112  107  107  112  123  136  146  151  151  150  154  164  177
  189  198  204  212  227  247  269  287  295
    37.5-180.0 180.0   5.0 450.0                            LAT/LON1/LON2/DLON/H
  322  323  318  313  313  320  332  342  346  341  328  309  290  275  263  256
  254  255  259  264  270  277  285  294  303  310  314  312  306  297  287  279
  273  271  273  276  278  275  267  255  245  239  235  230  219  202  182  163
  150  140  132  124  117  113  116  125  137  147  152  152  152  157  170  187
  203  214  221  229  244  266  291  311  322
    35.0-180.0 180.0   5.0 450.0                            LAT/LON1/LON2/DLON/H
  344  349  346  341  339  344  354  366  373  372  360  341  320  301  286  276
  273  274  277  282  287  293  301  312  323  333  338  337  329  319  309  300
  296  294  297  301  303  300  292  281  271  265  262  256  243  223  200  180
  166  156  148  139  129  122  121  127  138  148  153  154  154  161  176  196
  214  227  234  242  257  279  306  329  344
    32.5-180.0 180.0   5.0 450.0                            LAT/LON1/LON2/DLON/H
  359  369  371  368  366  370  380  393  404  406  398  380  357  335  316  303
  297  296  299  302  305  310  317  328  342  354  360  358  349  338  327  319
  315  315  317  321  323  320  311  300  291  286  283  276  262  240  215  195
  181  172  164  154  142  131  126  128  137  147  154  156  157  165  180  201
  221  233  241  248  262  284  312  339  359
    30.0-180.0 180.0   5.0 450.0                            LAT/LON1/LON2/DLON/H
  364  382  391  393  393  397  407  422  436  443  439  424  401  377  354  336
  326  322  322  322  323  324  330  340  355  367  374  371  360  348  337  330
  327  326  327  329  330  327  318  308  299  296  293  286  270  248  223  204
  191  183  176  166  152  138  129  127  134  144  152  157  160  167  183  203
  221  233  240  246  259  281  309  339  364
    27.5-180.0 180.0   5.0 450.0                            LAT/LON1/LON2/DLON/H
  362  387  404  413  417  423  435  452  469  480  481  471  451  425  399  376
  360  351  346  343  339  336  338  346  359  371  376  371  359  345  334  328
  325  323  322  322  321  317  309  299  293  290  289  282  267  244  222  204
  194  189  183  172  157  141  128  124  128  139  149  156  161  169  182  200
  216  226  232  239  251  272  300  332  362
    25.0-180.0 180.0   5.0 450.0                            LAT/LON1/LON2/DLON/H
  355  386  410  426  436  444  458  477  498  514  521  517  502  478  450  422
  400  384  373  364  355  346  342  345  354  362  365  358  344  329  318  312
  308  305  302  299  296  290  282  274  270  271  271  266  251  231  210  196
  189  186  181  171  156  138  124  117  120  130  143  153  160  168  180  194
  207  216  221  229  242  263  290  322  355
    22.5-180.0 180.0   5.0 450.0                            LAT/LON1/LON2/DLON/H
  347  382  412  433  447  459  474  495  519  540  553  557  550  531  503  472
  444  421  404  388  372  356  344  339  341  344  343  334  318  303  292  285
  281  276  270  264  258  251  243  238  237  241  245  241  228  209  192  181
  177  175  172  163  148  131  115  107  109  120  135  148  158  167  176  187
  196  204  211  220  236  257  283  314  347
    20.0-180.0 180.0   5.0 450.0                            LAT/LON1/LON2/DLON/H
  344  378  410  435  451  465  482  504  529  553  573  586  588  578  554  522
  490  462  439  417  393  368  345  330  323  320  315  304  287  272  261  255
  249  242  233  224  215  207  200  198  201  209  215  213  202  185  170  162
  159  159  156  148  135  120  105   96   97  109  126  142  155  164  172  180
  187  194  203  217  236  258  283  312  344
    17.5-180.0 180.0   5.0 450.0                            LAT/LON1/LON2/DLON/H
  347  379  409  434  451  465  482  503  527  553  577  599  613  612  596  567
  535  504  477  450  418  383  349  322  305  295  286  274  259  244  234  228
  222  213  202  190  178  169  163  163  171  182  191  190  179  163  149  142
  139  139  136  130  119  106   94   86   87   98  116  135  151  162  169  176
  181  189  200  219  242  268  292  318  347
    15.0-180.0 180.0   5.0 450.0                            LAT/LON1/LON2/DLON/H
  358  386  413  434  449  461  476  494  516  540  567  595  619  630  623  601
  573  544  516  485  447  402  356  318  291  275  264  252  239  227  219  213
  206  196  183  169  156  146  141  143  154  167  177  176  165  148  133  124
  121  119  116  111  103   93   83   77   78   89  108  129  147  160  168  174
  179  188  203  226  255  283  309  332  358
    12.5-180.0 180.0   5.0 450.0                            LAT/LON1/LON2/DLON/H
  376  401  424  441  452  461  471  485  501  520  545  576  607  628  633  621
  599  576  550  518  475  423  367  319  284  264  251  241  232  223  217  212
  205  194  180  165  152  142  138  142  154  168  177  174  160  140  123  112
  106  102   98   94   88   82   75   71   72   83  101  123  143  159  169  176
  182  192  209  237  270  302  329  352  376
    10.0-180.0 180.0   5.0 450.0                            LAT/LON1/LON2/DLON/H
  399  423  443  457  464  468  474  482  491  502  520  548  582  610  624  622
  611  594  574  544  499  442  380  325  285  262  250  243  238  233  230  225
  217  205  192  178  166  158  155  160  171  183  188  181  163  140  119  104
   95   90   85   81   77   73   69   67   69   78   95  117  139  158  171  180
  187  198  218  248  284  319  350  375  399
     7.5-180.0 180.0   5.0 450.0                            LAT/LON1/LON2/DLON/H
  424  450  471  483  488  489  490  492  492  493  501  521  551  581  601  608
  606  597  583  557  514  456  392  334  293  269  258  254  253  252  250  245
  236  225  212  201  192  186  185  189  198  206  205  193  170  143  119  101
   89   82   77   73   70   68   66   65   67   75   90  112  135  157  174  185
  195  207  227  258  295  333  367  397  424
     5.0-180.0 180.0   5.0 450.0                            LAT/LON1/LON2/DLON/H
  448  479  504  519  524  524  522  518  510  500  495  503  524  550  571  583
  587  585  577  556  517  462  401  346  305  282  272  269  270  272  270  265
  254  243  232  225  220  218  217  221  225  227  220  202  175  145  119   99
   86   78   73   69   66   64   63   63   65   72   85  106  130  155  175  190
  202  215  235  265  303  342  380  414  448
     2.5-180.0 180.0   5.0 450.0                            LAT/LON1/LON2/DLON/H
  467  506  538  558  567  568  566  560  547  527  509  502  510  527  544  555
  560  562  558  541  509  462  408  358  320  296  285  282  283  284  282  275
  263  251  243  240  240  241  243  244  244  239  225  202  172  142  116   96
   83   76   71   68   65   62   60   60   61   67   79   98  123  150  174  193
  207  221  241  270  306  346  387  427  467
