public/data/global.ionex
     1.0            IONOSPHERE MAPS     GNSS                IONEX VERSION / TYPE
IONINX V5.5         AIUB                26-JUN-26 08:18     PGM / RUN BY / DATE 
CODE'S 1-DAY PREDICTED IONOSPHERE MAPS FOR DAY 177, 2026    COMMENT             
Global ionosphere maps (GIM) are generated on a daily basis DESCRIPTION         
at CODE using data from about 120 GNSS sites of the IGS and DESCRIPTION         
other institutions. The vertical total electron content     DESCRIPTION         
(VTEC) is modeled in a solar-geomagnetic reference frame    DESCRIPTION         
using a spherical harmonics expansion up to degree and      DESCRIPTION         
order 15. Piece-wise linear functions are used for          DESCRIPTION         
representation in the time domain. The time spacing of      DESCRIPTION         
their vertices is 1 hour, conforming with the epochs of the DESCRIPTION         
VTEC maps.                                                  DESCRIPTION         
To convert line-of-sight TEC into vertical TEC, a modified  DESCRIPTION         
single-layer model mapping function approximating the JPL   DESCRIPTION         
extended slab model mapping function is adopted. The        DESCRIPTION         
mapping function is evaluated at geodetic satellite         DESCRIPTION         
elevation angles. For the computation of the ionospheric    DESCRIPTION         
pierce points, a spherical layer with a radius of 6821 km   DESCRIPTION         
is assumed, implying geocentric, not geodetic IONEX         DESCRIPTION         
latitudes.                                                  DESCRIPTION         
Instrumental biases with respect to each involved GNSS code DESCRIPTION         
observable are estimated as constant values for each        DESCRIPTION         
day. They are modeled with one set of bias parameters for   DESCRIPTION         
each satellite and each station in case of GPS and for each DESCRIPTION         
satellite-station link in case of GLONASS. The code bias    DESCRIPTION         
datum is defined by zero-mean conditions imposed on the     DESCRIPTION         
satellite bias estimates. In this file, just GPS C1W-C2W    DESCRIPTION         
satellite and station bias values are included. The         DESCRIPTION         
complete set of GNSS code bias results is provided in an    DESCRIPTION         
additional Bias-SINEX file as pseudo-absolute values        DESCRIPTION         
specific to each observable.                                DESCRIPTION         
Contact address: code(at)aiub.unibe.ch                      DESCRIPTION         
Data archive:    ftp.aiub.unibe.ch/CODE/                    DESCRIPTION         
                 www.aiub.unibe.ch/download/CODE/           DESCRIPTION         
  2026     6    26     0     0     0                        EPOCH OF FIRST MAP  
  2026     6    27     0     0     0                        EPOCH OF LAST MAP   
  3600                                                      INTERVAL            
    25                                                      # OF MAPS IN FILE   
  NONE                                                      MAPPING FUNCTION    
    10.0                                                    ELEVATION CUTOFF    
One-way carrier phase leveled to code                       OBSERVABLES USED    
  6371.0                                                    BASE RADIUS         
     2                                                      MAP DIMENSION       
   450.0 450.0   0.0                                        HGT1 / HGT2 / DHGT  
    87.5 -87.5  -2.5                                        LAT1 / LAT2 / DLAT  
  -180.0 180.0   5.0                                        LON1 / LON2 / DLON  
    -1                                                      EXPONENT            
TEC/RMS values in 0.1 TECU; 9999, if no value available     COMMENT             
                                                            END OF HEADER       
[from data line 3432]
     9                                                      START OF TEC MAP    
  2026     6    26     8     0     0                        EPOCH OF CURRENT MAP
    87.5-180.0 180.0   5.0 450.0                            LAT/LON1/LON2/DLON/H
  142  142  143  143  143  143  144  144  144  145  145  146  146  146  147  147
  147  147  147  148  148  148  148  148  148  148  148  148  147  147  147  147
  147  147  147  146  146  146  146  146  146  146  146  146  146  146  146  146
  145  145  145  145  145  145  145  145  144  144  144  144  143  143  143  143
  142  142  142  142  142  142  142  142  142
    85.0-180.0 180.0   5.0 450.0                            LAT/LON1/LON2/DLON/H
  142  142  142  143  143  143  144  144  145  146  146  147  148  148  149  149
  150  150  151  151  151  151  151  151  150  150  150  149  149  149  148  148
  148  147  147  147  147  147  147  148  148  148  149  149  149  150  151  151
  151  152  152  152  152  152  152  152  151  151  150  149  148  147  147  146
  145  144  144  143  143  142  142  142  142
    82.5-180.0 180.0   5.0 450.0                            LAT/LON1/LON2/DLON/H
  145  145  145  145  145  145  145  145  146  146  147  147  148  149  149  150
  151  151  151  151  151  151  151  150  150  149  148  148  147  147  146  146
  146  146  146  147  147  148  149  150  151  152  153  155  156  158  160  162
  164  165  166  168  168  169  169  168  167  166  165  163  161  159  157  156
  154  152  151  149  148  147  147  146  145
    80.0-180.0 180.0   5.0 450.0                            LAT/LON1/LON2/DLON/H
  154  153  151  150  149  148  147  146  146  145  145  146  146  147  147  148
  149  149  149  149  149  148  147  146  145  144  143  142  142  141  141  142
  143  144  145  146  148  149  151  153  155  158  160  163  167  170  174  178
  181  185  188  190  192  193  193  192  191  189  187  184  181  178  175  172
  169  166  164  162  160  158  157  155  154
    77.5-180.0 180.0   5.0 450.0                            LAT/LON1/LON2/DLON/H
  166  164  161  158  156  153  150  148  146  144  143  142  142  142  143  144
  145  145  146  146  145  144  142  141  139  137  136  135  134  135  135  137
  139  142  144  147  150  153  156  159  162  166  170  174  179  185  191  197
  203  208  213  217  219  221  221  221  219  216  213  209  205  201  197  193
  189  186  182  179  176  174  171  169  166
    75.0-180.0 180.0   5.0 450.0                            LAT/LON1/LON2/DLON/H
  181  177  173  168  163  158  154  149  145  142  139  138  137  137  138  139
  140  141  142  142  141  139  137  135  132  130  128  127  127  128  130  133
  137  141  146  150  155  159  163  167  171  175  180  186  193  200  208  216
  224  231  237  242  245  247  247  246  244  241  237  232  228  223  219  214
  210  206  202  199  196  192  189  185  181
    72.5-180.0 180.0   5.0 450.0                            LAT/LON1/LON2/DLON/H
  195  189  183  177  170  163  156  150  144  139  135  133  132  132  133  135
  136  138  139  139  138  136  134  131  128  125  123  122  123  125  128  133
  138  144  150  156  162  167  172  176  181  186  192  198  206  214  223  232
  241  249  256  261  264  265  265  263  260  256  252  248  244  239  235  232
  228  224  221  217  213  209  205  200  195
    70.0-180.0 180.0   5.0 450.0                            LAT/LON1/LON2/DLON/H
  205  198  190  182  174  165  157  149  142  136  131  129  127  128  129  131
  133  135  136  136  136  134  131  129  126  123  122  122  123  125  130  135
  142  149  156  163  170  176  181  186  191  196  202  208  216  225  234  243
  252  260  265  269  271  271  269  266  263  259  255  252  249  247  244  242
  239  237  234  230  226  222  217  211  205
    67.5-180.0 180.0   5.0 450.0                            LAT/LON1/LON2/DLON/H
  208  200  192  183  174  164  155  146  138  132  127  124  123  124  125  128
  130  132  133  133  132  131  129  127  126  124  124  124  126  130  134  140
  147  155  163  170  177  184  189  194  199  204  210  216  224  232  240  248
  255  261  264  266  265  263  259  255  252  249  246  245  244  244  244  244
  243  242  240  237  233  228  222  216  208
    65.0-180.0 180.0   5.0 450.0                            LAT/LON1/LON2/DLON/H
  207  198  190  180  171  161  151  142  133  126  121  119  118  119  121  123
  125  127  127  127  127  126  125  125  125  126  128  129  132  136  141  147
  153  161  169  176  183  189  195  200  205  210  215  221  228  234  241  247
  251  254  254  253  249  245  239  235  231  229  229  230  232  234  237  238
  240  240  238  236  232  227  221  214  207
    62.5-180.0 180.0   5.0 450.0                            LAT/LON1/LON2/DLON/H
  202  194  186  176  167  157  146  136  128  120  115  112  112  112  114  116
  118  118  118  117  117  117  118  120  123  127  131  134  138  143  147  153
  159  165  172  179  186  192  198  204  209  214  219  224  229  234  238  241
  242  242  239  235  229  222  216  211  208  207  209  212  217  221  226  229
  232  233  233  231  228  223  217  210  202
    60.0-180.0 180.0   5.0 450.0                            LAT/LON1/LON2/DLON/H
  199  192  184  175  166  155  144  133  123  115  109  105  104  105  106  107
  107  107  105  104  103  104  107  112  118  125  131  137  143  147  152  157
  163  169  175  181  188  194  200  206  212  217  222  226  230  232  234  234
  233  229  224  218  211  203  197  192  190  191  195  200  205  211  216  220
  223  224  225  224  222  218  213  206  199
    57.5-180.0 180.0   5.0 450.0                            LAT/LON1/LON2/DLON/H
  201  195  188  180  170  159  147  134  122  112  104   99   97   96   97   97
   96   94   91   88   87   89   93  101  110  120  129  137  144  149  154  159
  165  171  177  184  190  196  203  209  215  220  225  229  231  231  231  229
  225  221  215  208  201  194  188  185  184  186  191  196  202  207  211  214
  216  218  220  220  219  216  212  207  201
    55.0-180.0 180.0   5.0 450.0                            LAT/LON1/LON2/DLON/H
  209  205  199  192  183  170  156  141  126  113  103   96   91   89   89   88
   86   82   78   74   73   74   80   89  101  113  124  134  142  148  154  160
  167  174  181  189  195  202  208  214  221  226  230  233  234  233  231  228
  224  219  214  208  202  197  193  191  192  194  198  203  207  210  212  213
  215  216  219  220  221  220  217  214  209
    52.5-180.0 180.0   5.0 450.0                            LAT/LON1/LON2/DLON/H
  224  221  218  211  202  188  172  154  136  120  107   97   90   86   84   82
   79   75   70   65   63   65   71   80   93  106  118  129  138  146  153  162
  171  180  189  198  205  212  218  224  229  234  238  240  240  238  236  232
  229  225  221  218  215  212  210  209  210  213  215  218  219  219  218  217
  218  220  223  226  229  230  229  227  224
    50.0-180.0 180.0   5.0 450.0                            LAT/LON1/LON2/DLON/H
  242  241  238  233  224  210  192  172  152  133  117  104   94   88   84   81
   78   74   69   64   61   62   68   77   89  102  114  125  135  144  154  165
  177  190  202  212  220  226  232  237  242  246  249  250  250  248  245  242
  240  238  237  235  234  234  233  233  234  235  236  236  235  232  228  225
  225  227  232  237  242  244  244  244  242
    47.5-180.0 180.0   5.0 450.0                            LAT/LON1/LON2/DLON/H
  259  258  257  252  243  230  212  191  170  150  132  117  105   96   91   87
   83   79   75   70   67   67   72   80   91  102  114  124  134  145  157  171
  187  203  218  230  239  245  249  253  257  260  262  263  262  261  259  257
  256  255  255  256  256  257  257  257  257  256  255  253  249  243  238  235
  234  238  244  251  257  260  261  260  259
    45.0-180.0 180.0   5.0 450.0                            LAT/LON1/LON2/DLON/H
  271  269  267  263  255  243  227  208  188  169  151  135  121  110  103   98
   94   91   86   82   79   79   82   89   98  108  119  129  139  150  164  181
  200  219  236  249  258  264  267  270  273  275  277  278  278  277  276  275
  275  275  275  275  276  276  275  275  273  271  269  265  259  253  247  244
  245  250  257  265  271  274  274  273  271
    42.5-180.0 180.0   5.0 450.0                            LAT/LON1/LON2/DLON/H
  275  272  268  264  256  246  232  217  202  186  170  154  139  127  118  112
  108  105  101   98   95   94   97  102  109  118  128  138  148  160  175  193
  214  235  253  267  276  281  284  286  288  290  292  294  295  295  295  295
  294  293  292  292  291  290  288  286  284  280  277  272  266  260  256  254
  256  262  270  278  284  286  284  280  275
    40.0-180.0 180.0   5.0 450.0                            LAT/LON1/LON2/DLON/H
  274  266  260  253  246  237  228  218  208  197  185  171  157  145  135  128
  123  119  116  113  111  111  112  117  123  131  141  150  161  173  188  206
  227  248  267  281  290  295  297  299  301  304  307  309  311  313  314  313
  312  310  307  305  302  299  297  294  291  288  284  279  274  269  266  266
  269  275  283  290  295  294  290  282  274
    37.5-180.0 180.0   5.0 450.0                            LAT/LON1/LON2/DLON/H
  271  258  247  237  229  221  215  210  206  201  194  184  172  160  150  142
  136  132  129  127  125  125  127  131  137  145  154  165  176  188  202  219
  238  258  276  290  299  304  306  308  311  315  319  323  326  329  330  330
  328  325  321  316  313  310  308  305  303  299  296  292  288  284  282  282
  285  290  297  302  305  302  295  284  271
    35.0-180.0 180.0   5.0 450.0                            LAT/LON1/LON2/DLON/H
  271  253  237  222  211  204  199  198  199  199  197  191  182  172  162  154
  148  143  140  138  137  137  139  143  149  157  167  178  190  201  214  229
  246  264  280  293  302  308  312  315  319  323  329  334  338  342  344  344
  342  339  334  331  328  327  326  325  324  322  319  316  312  309  306  306
  307  310  313  316  316  312  302  288  271
    32.5-180.0 180.0   5.0 450.0                            LAT/LON1/LON2/DLON/H
  279  256  235  216  201  191  187  188  191  194  195  192  187  180  172  165
  158  153  149  147  147  148  150  154  159  167  177  188  200  211  223  236
  250  265  279  292  303  310  315  319  324  330  336  341  347  351  354  355
  354  352  351  350  351  353  356  359  360  359  357  353  348  344  340  337
  335  333  333  333  331  325  315  299  279
    30.0-180.0 180.0   5.0 450.0                            LAT/LON1/LON2/DLON/H
  296  271  245  222  204  191  185  184  186  189  192  192  190  187  181  175
  169  163  158  156  156  158  160  163  167  174  182  193  205  216  227  238
  250  263  277  290  302  311  318  324  329  334  340  345  351  356  360  363
  365  367  370  375  382  390  398  404  408  408  406  401  395  388  381  374
  367  361  356  353  350  344  333  317  296
    27.5-180.0 180.0   5.0 450.0                            LAT/LON1/LON2/DLON/H
  320  294  267  242  221  205  195  190  189  190  192  193  194  193  191  186
  180  174  169  166  166  168  170  172  174  177  183  192  203  214  225  236
  247  260  274  289  302  314  323  329  334  338  342  347  352  358  364  370
  376  383  393  405  419  433  446  456  462  463  461  454  446  436  425  413
  401  391  382  376  371  365  356  341  320
    25.0-180.0 180.0   5.0 450.0                            LAT/LON1/LON2/DLON/H
  345  321  295  270  248  230  217  208  202  199  198  198  200  202  201  198
  193  186  181  178  177  178  179  179  178  177  179  185  195  207  220  232
  244  257  272  289  305  319  329  336  339  342  344  347  352  358  366  376
  387  400  417  436  457  477  494  506  513  515  511  504  493  481  466  450
  434  419  407  398  392  386  378  364  345
    22.5-180.0 180.0   5.0 450.0                            LAT/LON1/LON2/DLON/H
  364  343  321  299  279  261  245  232  222  215  210  209  210  213  213  211
  205  198  192  188  187  187  187  185  180  174  172  174  183  196  211  226
  240  255  273  292  311  327  338  344  346  347  347  349  353  360  371  384
  399  418  440  465  491  514  533  545  552  553  549  541  529  515  499  480
  461  444  429  419  411  403  394  381  364
    20.0-180.0 180.0   5.0 450.0                            LAT/LON1/LON2/DLON/H
  371  354  337  320  304  288  273  258  245  235  228  224  224  225  225  222
  216  209  201  196  194  193  191  187  178  168  161  161  168  183  201  219
  237  255  275  297  318  335  347  353  354  353  352  352  356  365  378  394
  413  436  461  489  516  540  557  568  573  573  569  561  550  537  520  500
  480  462  447  435  424  413  401  387  371
    17.5-180.0 180.0   5.0 450.0                            LAT/LON1/LON2/DLON/H
  364  350  338  327  316  304  291  278  265  254  246  240  238  237  235  230
  223  214  205  198  194  192  190  184  173  160  149  146  153  169  190  212
  234  256  279  302  325  343  356  361  362  361  359  359  364  374  389  408
  430  453  479  507  532  552  566  573  576  575  571  565  556  545  530  511
  492  474  459  445  430  414  397  380  364
    15.0-180.0 180.0   5.0 450.0                            LAT/LON1/LON2/DLON/H
  345  332  323  317  311  304  295  285  276  267  260  253  249  244  239  232
  222  212  201  193  188  185  182  176  165  150  137  132  139  156  181  207
  232  257  282  307  330  349  362  368  370  369  368  369  374  387  405  426
  448  471  495  519  540  555  563  566  566  564  562  558  552  544  531  515
  497  481  466  451  432  409  385  363  345
    12.5-180.0 180.0   5.0 450.0                            LAT/LON1/LON2/DLON/H
  320  306  298  295  293  289  284  279  275  271  265  259  252  245  236  226
  215  203  191  181  174  171  169  163  153  138  125  120  127  146  173  202
  231  258  284  310  333  351  364  371  375  376  377  379  387  402  422  445
  467  489  510  529  544  553  557  556  554  551  549  547  545  539  529  515
  499  485  470  453  430  402  370  342  320
    10.0-180.0 180.0   5.0 450.0                            LAT/LON1/LON2/DLON/H
  299  282  273  270  268  265  263  262  262  263  261  256  248  237  226  214
  201  188  176  165  158  154  152  148  140  127  115  111  118  138  166  198
  229  258  285  311  333  350  362  370  377  381  384  388  398  415  438  463
  486  506  523  539  549  554  554  551  547  545  543  542  540  536  527  514
  500  486  473  455  429  396  359  325  299
     7.5-180.0 180.0   5.0 450.0                            LAT/LON1/LON2/DLON/H
  289  269  258  251  247  242  239  239  242  246  248  244  235  223  209  196
  183  171  159  148  141  137  135  133  127  117  108  104  112  131  160  193
  226  257  285  309  329  344  356  365  373  380  386  392  404  423  449  476
  500  520  536  549  558  561  559  556  552  549  547  545  542  537  528  514
  500  486  473  456  429  394  355  318  289
     5.0-180.0 180.0   5.0 450.0                            LAT/LON1/LON2/DLON/H
  296  273  258  247  238  229  222  219  222  227  229  225  216  203  190  177
  165  154  144  134  127  123  122  121  117  110  102  100  107  125  154  188
  223  255  283  306  323  335  345  355  364  373  380  388  402  423  452  481
  507  528  545  559  569  573  572  570  568  565  561  556  550  542  529  514
  498  484  472  455  431  398  361  325  296
     2.5-180.0 180.0   5.0 450.0                            LAT/LON1/LON2/DLON/H
  316  294  277  261  247  232  218  210  208  210  210  206  196  184  171  159
  150  141  132  125  119  116  114  113  110  104   98   96  102  119  146  181
  217  251  279  300  314  324  332  340  350  359  367  376  390  413  444  476
  504  528  548  565  578  585  588  589  588  584  577  568  557  544  528  510
  492  477  465  451  431  404  374  343  316
