public/data/global.ionex
     1.0            IONOSPHERE MAPS     GNSS                IONEX VERSION / TYPE
ADDNEQ2 V5.5        AIUB                04-JUL-26 19:00     PGM / RUN BY / DATE 
CODE'S GLOBAL IONOSPHERE MAPS FOR DAY 181, 2026             COMMENT             
Global ionosphere maps (GIM) are generated on a daily basis DESCRIPTION         
at CODE using data from about 300 GNSS sites of the IGS and DESCRIPTION         
other institutions. The vertical total electron content     DESCRIPTION         
(VTEC) is modeled in a solar-geomagnetic reference frame    DESCRIPTION         
using a spherical harmonics expansion up to degree and      DESCRIPTION         
order 15. Piece-wise linear functions are used for          DESCRIPTION         
representation in the time domain. The time spacing of      DESCRIPTION         
their vertices is 1 hour, conforming with the epochs of the DESCRIPTION         
VTEC maps.                                                  DESCRIPTION         
To convert line-of-sight TEC into vertical TEC, a modified  DESCRIPTION         
single-layer model mapping function approximating the JPL   DESCRIPTION         
extended slab model mapping function is adopted. The        DESCRIPTION         
mapping function is evaluated at geodetic satellite         DESCRIPTION         
elevation angles. For the computation of the ionospheric    DESCRIPTION         
pierce points, a spherical layer with a radius of 6821 km   DESCRIPTION         
is assumed, implying geocentric, not geodetic IONEX         DESCRIPTION         
latitudes.                                                  DESCRIPTION         
Instrumental biases with respect to each involved GNSS code DESCRIPTION         
observable are estimated as constant values for each        DESCRIPTION         
day. They are modeled with one set of bias parameters for   DESCRIPTION         
each satellite and each station in case of GPS and for each DESCRIPTION         
satellite-station link in case of GLONASS. The code bias    DESCRIPTION         
datum is defined by zero-mean conditions imposed on the     DESCRIPTION         
satellite bias estimates. In this file, just GPS C1W-C2W    DESCRIPTION         
satellite and station bias values are included. The         DESCRIPTION         
complete set of GNSS code bias results is provided in an    DESCRIPTION         
additional Bias-SINEX file as pseudo-absolute values        DESCRIPTION         
specific to each observable.                                DESCRIPTION         
Note: These GIM results correspond to the results for the   DESCRIPTION         
middle day of a 3-day combination analysis solving for 73   DESCRIPTION         
times 256, or 18688 VTEC parameters and 3 daily sets of     DESCRIPTION         
GNSS code bias parameters.                                  DESCRIPTION         
Contact address: code(at)aiub.unibe.ch                      DESCRIPTION         
Data archive:    ftp.aiub.unibe.ch/CODE/                    DESCRIPTION         
                 www.aiub.unibe.ch/download/CODE/           DESCRIPTION         
  2026     6    30     0     0     0                        EPOCH OF FIRST MAP  
  2026     7     1     0     0     0                        EPOCH OF LAST MAP   
  3600                                                      INTERVAL            
[...]
badg bake barh bjfs bndy boav bogo bogt bor1 braz brft brst COMMENT             
brux bshm cags cas1 ccj2 cedu chpg chpi chti chur ckis cmum COMMENT             
coco cord cpvg cpxf cro1 daej darw dav1 dgar dhlg djig drao COMMENT             
dubi dubo ebre faa1 fair flin flrs frdn gamb ganp glps glsv COMMENT             
gode gol2 gold gope gras graz guam guug harb hers hert hlfx COMMENT             
hnpt hob2 hofn holb holm hrao iddr ieng iisc impz ineg iqal COMMENT             
irkj ispa jdpr jog2 joz2 joze karr kerg kir0 kiri kiru kit3 COMMENT             
kokb kokv kouc koug kour krgg lama laut lck4 lmmf lpal lpgs COMMENT             
m0se mac1 madr mal2 mas1 mat1 mate maui maw1 mcil mcm4 mdo1 COMMENT             
medi mgue mizu mkea mnls mobs monp morp mqzg mro1 mtka nano COMMENT             
naur nico nist nium nklg nlib nnor not1 nrc1 nrmd nya1 nyal COMMENT             
onsa ous2 park pdel penc pert pie1 pimo pohn pol2 pots pove COMMENT             
ptag ptbb ptvl qaq1 quin rbay reso reun reyk rgdg rio2 roth COMMENT             
salu samo sant sch2 scor scrz sctb seyg sfer smst spt0 sthl COMMENT             
stjo stk2 str2 suth sutm suwn sydn syog tash thtg thti thu2 COMMENT             
tid1 tidb tlse tn22 tow2 tro1 tskb tuva twtf txes uclu ulab COMMENT             
unb3 unbj unsa urum usn7 usud vald vill vtsp wab2 wark wgtn COMMENT             
whit will wind wsrt wtza wtzl wtzr wtzs wtzz xmis yar2 yar3 COMMENT             
yarr yell ykro zamb zeck zim2 zim3 zimm                     COMMENT             
                                                            END OF HEADER       
[from data line 4719]
    12                                                      START OF TEC MAP    
  2026     6    30    11     0     0                        EPOCH OF CURRENT MAP
    87.5-180.0 180.0   5.0 450.0                            LAT/LON1/LON2/DLON/H
  228  228  228  228  228  229  229  229  229  230  230  231  231  231  232  232
  232  232  233  233  233  233  233  232  232  232  231  231  230  230  229  228
  227  227  226  225  224  224  223  222  222  221  221  221  221  221  221  221
  221  221  222  222  223  223  224  224  225  225  225  226  226  226  227  227
  227  227  227  227  227  227  227  228  228
    85.0-180.0 180.0   5.0 450.0                            LAT/LON1/LON2/DLON/H
  224  224  223  223  224  224  224  225  226  227  227  228  229  231  232  233
  234  235  235  236  237  237  237  237  237  237  236  235  234  233  231  230
  228  226  224  222  220  218  217  215  214  213  213  212  212  213  213  214
  215  217  218  220  222  223  225  227  228  229  230  231  231  231  231  231
  230  229  229  228  227  226  225  225  224
    82.5-180.0 180.0   5.0 450.0                            LAT/LON1/LON2/DLON/H
  217  215  214  214  214  214  215  216  217  218  220  221  223  225  226  228
  230  232  233  235  236  237  238  239  240  240  239  238  237  235  233  231
  228  225  222  220  217  214  211  209  208  206  206  206  206  207  209  211
  214  217  221  224  228  231  234  237  240  241  243  243  243  242  241  239
  237  234  231  228  225  223  220  218  217
    80.0-180.0 180.0   5.0 450.0                            LAT/LON1/LON2/DLON/H
  207  204  203  202  202  203  203  205  206  208  209  211  213  215  217  219
  221  224  226  229  231  233  235  237  238  239  239  239  237  236  234  231
  228  225  221  218  215  211  209  206  205  204  203  204  205  208  211  215
  219  224  230  235  240  246  250  255  258  260  261  261  260  258  254  250
  245  240  234  228  223  218  213  210  207
    77.5-180.0 180.0   5.0 450.0                            LAT/LON1/LON2/DLON/H
  197  194  192  191  191  192  193  195  196  198  200  201  203  205  206  208
  211  213  216  219  222  225  228  231  233  235  236  236  235  234  232  230
  227  224  221  218  214  212  209  207  206  206  207  209  211  215  219  225
  231  237  244  251  257  264  270  275  279  281  282  281  278  274  268  261
  254  245  236  228  220  212  206  201  197
    75.0-180.0 180.0   5.0 450.0                            LAT/LON1/LON2/DLON/H
  190  187  185  184  185  185  187  188  190  191  192  194  195  196  197  198
  200  202  205  208  212  216  220  223  227  229  230  231  231  230  229  227
  225  223  220  218  216  214  213  212  213  214  216  219  223  227  233  239
  245  252  259  267  274  281  287  292  295  298  298  296  292  287  279  270
  260  249  238  227  217  208  201  195  190
    72.5-180.0 180.0   5.0 450.0                            LAT/LON1/LON2/DLON/H
  189  186  184  184  184  184  185  186  187  188  189  189  190  190  190  191
  192  194  196  200  204  208  213  217  221  223  225  226  226  225  224  223
  222  221  220  219  218  218  219  220  222  224  228  232  237  242  248  254
  260  266  272  278  284  290  295  300  303  305  304  302  298  291  283  273
  262  250  238  227  217  208  200  194  189
    70.0-180.0 180.0   5.0 450.0                            LAT/LON1/LON2/DLON/H
  196  193  191  189  188  187  187  187  187  187  187  187  187  187  186  186
  187  188  190  194  198  204  209  214  218  220  222  222  221  221  220  220
  220  220  220  221  222  223  225  228  231  235  240  245  251  256  261  265
  269  273  276  280  284  288  291  295  297  299  298  296  292  286  278  269
  259  248  238  228  219  212  205  200  196
    67.5-180.0 180.0   5.0 450.0                            LAT/LON1/LON2/DLON/H
  208  205  202  199  196  193  190  187  186  185  184  184  184  184  184  184
  184  185  187  191  196  202  208  214  218  221  221  221  220  218  218  218
  219  221  222  224  226  228  231  235  239  245  250  256  261  265  268  270
  271  271  272  272  273  274  276  278  279  281  281  279  276  271  266  259
  252  245  238  231  225  220  216  212  208
    65.0-180.0 180.0   5.0 450.0                            LAT/LON1/LON2/DLON/H
  224  220  216  211  204  198  191  185  181  178  178  178  179  180  180  180
  181  182  184  189  195  202  210  216  221  223  224  222  220  219  219  220
  222  224  227  229  231  234  237  241  245  251  257  262  266  268  269  268
  266  263  259  256  253  252  252  252  254  255  255  255  253  251  248  245
  242  240  237  235  233  232  229  227  224
    62.5-180.0 180.0   5.0 450.0                            LAT/LON1/LON2/DLON/H
  239  235  228  220  210  199  188  178  171  166  165  166  168  171  173  174
  176  177  181  186  193  202  211  219  225  228  227  226  223  222  222  225
  228  232  235  237  238  240  242  246  250  256  261  265  267  267  266  262
  257  250  244  237  232  228  226  226  227  228  229  230  230  229  229  230
  231  234  237  239  242  243  243  242  239
    60.0-180.0 180.0   5.0 450.0                            LAT/LON1/LON2/DLON/H
  248  243  235  224  211  195  180  166  155  149  147  149  153  157  161  165
  167  170  174  181  189  200  211  221  228  231  231  229  227  227  228  232
  238  242  246  247  248  248  249  252  255  260  263  266  266  264  261  255
  248  239  230  222  215  210  207  206  207  208  210  210  211  212  213  217
  222  228  235  242  247  250  252  251  248
    57.5-180.0 180.0   5.0 450.0                            LAT/LON1/LON2/DLON/H
  248  242  234  222  206  187  168  150  136  128  126  128  133  140  146  151
  156  160  166  173  184  196  208  220  228  232  233  232  230  231  235  242
  249  256  259  260  259  258  258  260  263  266  268  269  267  263  258  252
  244  235  225  216  207  202  198  198  198  200  201  201  201  202  204  208
  215  224  233  241  247  251  253  252  248
    55.0-180.0 180.0   5.0 450.0                            LAT/LON1/LON2/DLON/H
  237  232  223  212  196  176  155  135  119  109  106  108  114  121  129  136
  143  149  156  165  176  190  204  217  226  231  232  232  232  235  242  252
  262  270  275  275  273  271  271  272  275  277  277  275  272  267  262  256
  249  241  231  221  212  206  203  202  203  204  204  203  202  201  202  205
  212  220  229  237  242  244  244  242  237
    52.5-180.0 180.0   5.0 450.0                            LAT/LON1/LON2/DLON/H
  217  212  205  196  182  164  143  122  106   96   92   93   98  106  114  122
  130  138  147  157  169  184  199  212  222  228  230  231  232  238  248  261
  275  285  290  291  289  287  287  289  292  293  291  287  282  277  273  269
  264  257  247  237  229  222  219  218  218  219  218  215  211  208  207  208
  212  218  224  229  231  231  227  223  217
    50.0-180.0 180.0   5.0 450.0                            LAT/LON1/LON2/DLON/H
  192  187  182  177  167  152  134  115  100   90   86   86   89   96  103  112
  121  130  140  152  165  180  195  209  219  224  227  228  232  240  253  269
  286  298  306  308  307  307  308  311  314  314  311  305  299  294  291  290
  286  280  272  261  252  245  241  239  239  239  236  232  226  220  216  215
  216  218  220  221  219  214  206  199  192
    47.5-180.0 180.0   5.0 450.0                            LAT/LON1/LON2/DLON/H
  166  161  159  157  152  142  129  114  101   93   88   87   89   92   98  107
  116  126  137  149  163  179  194  207  217  222  225  227  232  241  257  276
  295  310  320  324  326  328  333  338  342  341  336  327  320  315  314  315
  314  308  299  287  277  268  263  261  260  258  254  249  241  234  228  225
  223  222  219  215  208  198  187  175  166
    45.0-180.0 180.0   5.0 450.0                            LAT/LON1/LON2/DLON/H
  148  141  139  140  139  135  126  116  107  102   99   96   95   96   99  106
  115  126  137  150  165  181  196  209  218  223  225  228  234  245  261  282
  303  321  333  340  345  352  360  368  373  371  363  353  344  340  340  343
  342  336  326  312  300  290  284  279  276  273  269  262  255  247  241  236
  233  228  222  213  202  189  174  160  148
    42.5-180.0 180.0   5.0 450.0                            LAT/LON1/LON2/DLON/H
  140  130  127  129  130  129  124  119  115  114  112  110  106  104  105  110
  118  128  139  153  169  186  201  214  222  227  230  233  239  250  267  288
  311  331  346  356  366  377  389  400  405  402  392  380  369  365  367  370
  369  362  349  334  321  310  302  295  289  284  279  272  265  259  253  249
  245  239  230  218  205  190  173  156  140
    40.0-180.0 180.0   5.0 450.0                            LAT/LON1/LON2/DLON/H
  147  132  125  124  125  125  122  121  122  125  126  124  119  115  114  117
  123  131  143  157  174  192  208  220  228  233  237  241  247  258  274  295
  319  340  358  373  387  402  418  431  437  433  421  407  396  391  392  395
  393  384  370  355  341  330  320  310  301  293  287  281  275  270  266  264
  260  253  243  230  216  202  185  166  147
    37.5-180.0 180.0   5.0 450.0                            LAT/LON1/LON2/DLON/H
  166  147  135  129  127  124  121  122  126  133  137  136  131  126  124  125
  129  136  146  160  179  199  215  227  234  240  245  251  257  267  282  303
  327  350  371  389  407  425  444  459  465  461  449  434  422  417  417  418
  415  405  391  377  366  356  344  331  317  307  299  293  287  282  280  279
  277  270  259  245  233  221  207  188  166
    35.0-180.0 180.0   5.0 450.0                            LAT/LON1/LON2/DLON/H
  195  172  154  142  134  127  122  122  128  138  144  145  141  137  134  134
  136  140  149  164  184  204  221  232  239  246  253  260  268  277  291  310
  335  360  383  403  423  444  464  480  487  484  473  459  447  442  442  441
  436  426  414  405  398  391  378  360  342  328  319  312  305  299  297  296
  295  288  276  262  252  244  234  217  195
    32.5-180.0 180.0   5.0 450.0                            LAT/LON1/LON2/DLON/H
  225  201  179  163  150  137  128  125  131  141  150  152  149  146  144  144
  143  145  152  167  188  209  225  235  241  248  258  268  277  286  298  318
  342  369  394  415  435  456  476  492  501  500  492  481  471  466  465  464
  459  450  443  440  440  436  422  401  377  360  348  340  331  322  316  315
  313  304  290  276  267  263  259  246  225
    30.0-180.0 180.0   5.0 450.0                            LAT/LON1/LON2/DLON/H
  252  229  207  188  171  153  139  133  137  146  155  158  156  155  154  153
  151  151  156  171  192  213  227  234  239  247  258  271  282  292  305  324
  350  378  402  422  441  459  478  494  504  507  504  498  492  488  487  485
  481  477  476  481  488  487  473  448  420  400  387  376  363  348  338  333
  328  317  300  283  274  274  275  269  252
    27.5-180.0 180.0   5.0 450.0                            LAT/LON1/LON2/DLON/H
  268  251  233  215  196  175  157  147  148  155  162  164  164  163  163  162
  158  157  162  177  197  216  226  230  233  240  254  271  285  296  310  330
  357  385  409  426  439  453  468  483  496  504  508  508  507  506  505  504
  503  503  510  523  536  539  524  495  465  443  429  416  398  376  359  349
  341  326  303  282  271  272  278  278  268
    25.0-180.0 180.0   5.0 450.0                            LAT/LON1/LON2/DLON/H
  271  262  250  237  220  199  179  167  165  168  172  172  171  171  171  169
  165  162  168  182  201  217  224  224  224  231  247  267  284  299  315  337
  365  393  414  425  432  439  450  464  478  492  503  510  514  516  517  518
  520  526  539  559  577  581  565  534  503  482  469  454  431  402  377  361
  348  329  301  274  258  259  267  273  271
    22.5-180.0 180.0   5.0 450.0                            LAT/LON1/LON2/DLON/H
  260  260  258  252  240  222  202  189  184  184  184  181  179  178  177  173
  168  166  171  186  204  216  219  215  213  220  238  261  283  301  320  345
  375  402  419  423  422  422  427  439  455  473  490  504  513  519  523  526
  531  541  559  582  602  606  589  557  528  510  500  485  456  420  389  368
  351  328  295  262  241  237  246  255  260
    20.0-180.0 180.0   5.0 450.0                            LAT/LON1/LON2/DLON/H
  240  248  255  257  251  237  220  207  201  198  194  189  184  182  179  174
  167  165  171  185  202  211  212  206  203  211  231  257  282  304  328  356
  388  413  425  423  414  406  407  416  432  452  473  491  505  514  521  527
  535  547  567  590  609  611  592  563  538  526  520  504  471  430  394  369
  350  324  288  250  223  214  219  230  240
    17.5-180.0 180.0   5.0 450.0                            LAT/LON1/LON2/DLON/H
  215  229  243  251  251  241  228  218  212  207  200  192  186  181  176  168
  161  159  165  179  193  202  201  197  195  205  226  254  283  310  338  370
  403  427  435  427  411  398  395  401  415  434  455  476  492  504  514  523
  532  546  564  585  600  598  579  553  534  529  527  511  475  430  391  365
  345  319  282  241  210  196  195  203  215
    15.0-180.0 180.0   5.0 450.0                            LAT/LON1/LON2/DLON/H
  194  209  226  237  240  235  226  218  213  206  198  189  181  175  168  158
  149  147  153  166  179  186  188  188  190  202  225  255  287  318  350  385
  419  442  447  436  417  402  396  400  410  425  443  462  479  494  506  517
  527  539  555  571  581  575  556  535  524  525  526  509  470  422  382  357
  338  314  279  240  207  187  181  184  194
    12.5-180.0 180.0   5.0 450.0                            LAT/LON1/LON2/DLON/H
  181  194  209  220  223  219  213  209  204  197  187  177  170  164  155  144
  133  130  135  146  158  167  173  180  189  204  228  259  293  327  362  399
  433  456  461  449  431  417  412  413  419  427  438  453  470  485  500  513
  524  534  545  556  561  552  534  518  514  520  521  502  460  411  371  347
  330  309  279  245  214  192  179  176  181
    10.0-180.0 180.0   5.0 450.0                            LAT/LON1/LON2/DLON/H
  181  188  197  204  204  200  196  193  188  180  169  160  154  149  140  127
  116  112  115  124  134  145  158  173  190  209  234  264  298  334  371  409
  443  467  473  464  450  441  439  439  440  440  443  452  466  483  500  514
  525  533  541  548  548  538  521  510  511  519  518  493  448  397  359  336
  321  303  280  254  229  208  191  181  181
     7.5-180.0 180.0   5.0 450.0                            LAT/LON1/LON2/DLON/H
  191  192  194  194  190  184  180  176  170  160  148  139  135  132  124  112
  100   95   96  102  110  124  144  168  193  216  240  268  301  337  374  412
  445  469  478  475  469  468  471  472  467  459  454  456  468  486  505  520
  531  538  544  549  548  537  521  512  516  523  516  486  436  385  347  325
  311  296  280  263  247  230  212  198  191
     5.0-180.0 180.0   5.0 450.0                            LAT/LON1/LON2/DLON/H
  209  204  200  194  185  177  171  165  156  142  128  119  117  115  110   99
   88   81   80   83   90  106  133  165  195  221  243  268  299  333  369  405
  437  461  473  477  481  489  498  501  494  479  466  463  473  492  513  529
  540  546  552  557  556  545  530  522  525  528  515  478  425  373  336  314
  299  286  275  269  262  252  236  220  209
     2.5-180.0 180.0   5.0 450.0                            LAT/LON1/LON2/DLON/H
  228  220  212  202  190  180  172  164  150  132  114  104  101  102   98   90
   80   72   69   69   75   93  124  162  196  222  243  265  292  323  357  389
  418  441  456  467  480  496  512  518  510  491  473  467  476  496  518  535
  545  551  558  565  565  555  540  531  530  528  508  466  411  360  324  301
  284  271  264  266  269  266  255  240  228
