public/data/global.ionex
     1.0            IONOSPHERE MAPS     GNSS                IONEX VERSION / TYPE
ADDNEQ2 V5.5        AIUB                03-JUL-26 19:02     PGM / RUN BY / DATE 
CODE'S GLOBAL IONOSPHERE MAPS FOR DAY 180, 2026             COMMENT             
Global ionosphere maps (GIM) are generated on a daily basis DESCRIPTION         
at CODE using data from about 300 GNSS sites of the IGS and DESCRIPTION         
other institutions. The vertical total electron content     DESCRIPTION         
(VTEC) is modeled in a solar-geomagnetic reference frame    DESCRIPTION         
using a spherical harmonics expansion up to degree and      DESCRIPTION         
order 15. Piece-wise linear functions are used for          DESCRIPTION         
representation in the time domain. The time spacing of      DESCRIPTION         
their vertices is 1 hour, conforming with the epochs of the DESCRIPTION         
VTEC maps.                                                  DESCRIPTION         
To convert line-of-sight TEC into vertical TEC, a modified  DESCRIPTION         
single-layer model mapping function approximating the JPL   DESCRIPTION         
extended slab model mapping function is adopted. The        DESCRIPTION         
mapping function is evaluated at geodetic satellite         DESCRIPTION         
elevation angles. For the computation of the ionospheric    DESCRIPTION         
pierce points, a spherical layer with a radius of 6821 km   DESCRIPTION         
is assumed, implying geocentric, not geodetic IONEX         DESCRIPTION         
latitudes.                                                  DESCRIPTION         
Instrumental biases with respect to each involved GNSS code DESCRIPTION         
observable are estimated as constant values for each        DESCRIPTION         
day. They are modeled with one set of bias parameters for   DESCRIPTION         
each satellite and each station in case of GPS and for each DESCRIPTION         
satellite-station link in case of GLONASS. The code bias    DESCRIPTION         
datum is defined by zero-mean conditions imposed on the     DESCRIPTION         
satellite bias estimates. In this file, just GPS C1W-C2W    DESCRIPTION         
satellite and station bias values are included. The         DESCRIPTION         
complete set of GNSS code bias results is provided in an    DESCRIPTION         
additional Bias-SINEX file as pseudo-absolute values        DESCRIPTION         
specific to each observable.                                DESCRIPTION         
Note: These GIM results correspond to the results for the   DESCRIPTION         
middle day of a 3-day combination analysis solving for 73   DESCRIPTION         
times 256, or 18688 VTEC parameters and 3 daily sets of     DESCRIPTION         
GNSS code bias parameters.                                  DESCRIPTION         
Contact address: code(at)aiub.unibe.ch                      DESCRIPTION         
Data archive:    ftp.aiub.unibe.ch/CODE/                    DESCRIPTION         
                 www.aiub.unibe.ch/download/CODE/           DESCRIPTION         
  2026     6    29     0     0     0                        EPOCH OF FIRST MAP  
  2026     6    30     0     0     0                        EPOCH OF LAST MAP   
  3600                                                      INTERVAL            
[...]
azgb badg bake barh bjfs bndy boav bogo bogt bor1 braz brft COMMENT             
brst brux bshm cags cas1 ccj2 cedu chpg chpi chti chur ckis COMMENT             
cmum coco cord cpvg cpxf cro1 daej darw dav1 dgar dhlg djig COMMENT             
drao dubi dubo ebre faa1 fair flin flrs frdn gamb ganp glps COMMENT             
glsv gode gol2 gold gope gras graz guam guug harb hers hert COMMENT             
hlfx hnpt hob2 hofn holb holm hrao iddr ieng iisc impz ineg COMMENT             
iqal irkj ispa jdpr jog2 joz2 joze karr kerg kir0 kiri kiru COMMENT             
kit3 kokb kokv kouc koug kour krgg lama laut lck4 lmmf lpal COMMENT             
lpgs m0se mac1 madr mal2 mas1 mat1 mate maui maw1 mcil mcm4 COMMENT             
mdo1 medi mgue mizu mkea mnls mobs monp morp mqzg mro1 mtka COMMENT             
nano naur nico nist nium nklg nlib nnor not1 nrc1 nrmd nya1 COMMENT             
nyal onsa ous2 parc park pdel penc pert pie1 pimo pohn pol2 COMMENT             
pots pove ptag ptbb ptvl qaq1 quin rbay reso reun reyk rgdg COMMENT             
rio2 roth salu samo sant sch2 scor scrz sctb seyg sfer smst COMMENT             
spt0 ssia sthl stjo stk2 str2 suth sutm suwn sydn syog tash COMMENT             
thtg thti thu2 tid1 tidb tlse tn22 tow2 tro1 tskb tuva twtf COMMENT             
txes uclu ulab unb3 unbj unsa urum usn7 usud vald vill vtsp COMMENT             
wab2 wark wgtn whit will wind wsrt wtza wtzl wtzr wtzs wtzz COMMENT             
xmis yar2 yar3 yarr yell ykro zamb zeck zim2 zim3 zimm      COMMENT             
                                                            END OF HEADER       
[from data line 4719]
    12                                                      START OF TEC MAP    
  2026     6    29    11     0     0                        EPOCH OF CURRENT MAP
    87.5-180.0 180.0   5.0 450.0                            LAT/LON1/LON2/DLON/H
  195  195  195  195  196  197  197  198  199  200  201  202  203  204  204  205
  206  207  208  209  210  210  211  211  211  212  212  212  212  212  211  211
  211  211  210  210  209  209  208  208  207  207  206  206  206  205  205  205
  204  204  204  203  203  203  202  202  202  201  201  200  199  199  198  198
  197  197  196  196  195  195  195  195  195
    85.0-180.0 180.0   5.0 450.0                            LAT/LON1/LON2/DLON/H
  186  186  186  186  187  188  190  192  193  195  197  200  202  204  206  208
  210  212  214  215  217  218  219  219  220  220  220  220  220  220  219  218
  217  216  215  214  213  212  210  209  209  208  207  207  207  207  207  207
  208  208  208  209  209  209  209  209  208  208  207  205  204  202  200  198
  196  194  193  191  189  188  187  186  186
    82.5-180.0 180.0   5.0 450.0                            LAT/LON1/LON2/DLON/H
  178  177  177  178  179  181  183  185  188  191  194  197  200  204  207  209
  212  215  217  219  221  222  223  224  225  225  225  225  225  224  223  222
  220  219  217  215  214  212  210  209  208  207  207  207  207  208  210  212
  214  216  218  220  222  223  224  224  224  223  222  220  217  214  210  206
  202  198  194  190  186  183  181  179  178
    80.0-180.0 180.0   5.0 450.0                            LAT/LON1/LON2/DLON/H
  173  172  172  172  173  175  178  181  184  187  191  195  198  202  205  208
  211  214  216  218  220  221  222  223  224  224  224  224  224  223  223  222
  221  219  217  215  213  211  209  208  207  206  206  207  209  211  214  218
  222  226  231  235  239  242  244  246  246  245  244  240  236  231  225  219
  212  206  199  193  187  183  179  175  173
    77.5-180.0 180.0   5.0 450.0                            LAT/LON1/LON2/DLON/H
  173  171  170  171  172  173  176  179  182  185  189  193  196  200  203  206
  208  210  212  214  215  216  216  217  217  217  217  218  218  218  218  218
  218  217  216  214  213  211  209  208  207  206  207  209  212  215  220  226
  232  238  245  251  257  262  266  268  269  269  267  263  257  251  243  234
  226  217  208  200  192  186  180  176  173
    75.0-180.0 180.0   5.0 450.0                            LAT/LON1/LON2/DLON/H
  178  175  174  173  174  175  177  179  182  185  188  191  195  197  200  202
  204  205  206  207  207  207  207  207  207  207  207  207  208  209  211  212
  213  214  214  214  213  212  210  209  208  209  210  213  216  221  227  234
  242  249  257  265  271  277  282  285  287  287  285  280  275  267  258  249
  238  228  218  209  200  193  187  182  178
    72.5-180.0 180.0   5.0 450.0                            LAT/LON1/LON2/DLON/H
  187  184  181  180  179  179  179  181  183  185  188  191  193  196  197  199
  199  200  200  200  199  199  198  197  196  196  196  196  198  200  203  206
  209  211  213  214  214  214  213  213  213  213  215  219  223  229  235  242
  249  256  264  271  277  283  288  291  293  294  292  289  283  276  268  258
  248  238  228  218  210  203  196  191  187
    70.0-180.0 180.0   5.0 450.0                            LAT/LON1/LON2/DLON/H
  199  195  191  188  185  183  181  181  182  184  187  189  192  194  195  196
  196  195  195  194  193  192  191  190  189  188  187  188  190  193  197  201
  206  210  214  216  217  217  217  217  218  220  222  226  231  236  241  247
  252  258  263  268  273  277  281  284  287  288  287  285  281  276  269  261
  252  244  235  228  220  214  208  203  199
    67.5-180.0 180.0   5.0 450.0                            LAT/LON1/LON2/DLON/H
  212  206  201  195  190  185  181  179  179  181  183  186  189  191  192  193
  192  192  191  190  189  188  187  186  185  184  184  185  186  190  194  200
  206  211  216  219  220  221  222  222  224  226  230  234  239  243  246  249
  251  253  254  256  258  260  263  266  268  270  272  272  270  267  263  258
  252  246  241  235  230  226  221  217  212
    65.0-180.0 180.0   5.0 450.0                            LAT/LON1/LON2/DLON/H
  223  217  210  201  193  185  178  174  172  172  175  179  182  186  187  188
  188  188  187  187  187  187  187  187  186  186  186  186  188  192  197  203
  209  215  220  223  224  225  226  227  229  233  237  242  245  248  248  248
  246  243  241  239  238  238  239  241  244  247  250  252  253  253  252  250
  247  245  243  241  239  236  233  229  223
    62.5-180.0 180.0   5.0 450.0                            LAT/LON1/LON2/DLON/H
  233  225  216  205  193  181  171  164  160  160  163  167  172  176  179  181
  182  182  182  183  184  186  187  189  190  191  191  192  194  198  203  208
  215  220  225  227  229  229  230  231  234  239  244  248  251  251  249  245
  239  232  226  221  218  215  215  217  220  224  229  233  237  239  240  240
  241  241  242  244  244  244  242  238  233
    60.0-180.0 180.0   5.0 450.0                            LAT/LON1/LON2/DLON/H
  238  230  220  207  192  177  163  152  145  144  147  152  158  163  167  170
  172  174  175  177  180  183  187  190  194  196  198  200  202  206  210  216
  222  227  231  233  234  234  234  236  240  244  250  253  255  253  248  241
  232  223  215  208  203  200  199  201  204  209  215  221  225  228  230  231
  234  237  240  244  246  247  246  243  238
    57.5-180.0 180.0   5.0 450.0                            LAT/LON1/LON2/DLON/H
  239  231  221  208  191  172  155  140  130  127  128  134  140  147  152  156
  160  163  166  170  174  179  185  191  196  200  204  207  210  214  218  224
  230  235  238  240  240  240  241  243  246  251  256  259  259  255  248  239
  228  218  210  203  198  195  194  196  200  206  212  217  221  223  224  226
  228  232  237  242  245  247  246  243  239
    55.0-180.0 180.0   5.0 450.0                            LAT/LON1/LON2/DLON/H
  234  229  220  208  191  170  149  131  118  112  112  115  122  128  134  140
  146  151  157  162  168  174  181  189  196  202  207  212  215  219  224  230
  237  242  246  248  249  249  250  253  257  261  264  266  264  258  250  240
  229  220  213  207  203  201  201  203  207  213  219  224  226  225  224  224
  225  229  233  238  241  242  241  238  234
    52.5-180.0 180.0   5.0 450.0                            LAT/LON1/LON2/DLON/H
  225  222  217  207  191  171  148  127  111  102   99  101  105  111  117  124
  132  140  148  156  163  170  178  186  194  202  208  213  217  222  228  235
  243  250  255  259  261  263  265  268  271  274  276  275  271  264  255  245
  236  228  222  218  216  214  214  217  222  228  233  236  236  233  229  226
  225  227  231  234  235  234  231  228  225
    50.0-180.0 180.0   5.0 450.0                            LAT/LON1/LON2/DLON/H
  213  212  210  204  192  173  151  128  110   98   93   92   93   97  103  110
  120  131  142  152  160  168  176  184  193  201  207  212  217  222  229  238
  248  258  266  272  277  282  286  289  292  293  292  288  282  273  264  255
  247  241  237  234  231  230  230  233  238  244  249  251  249  243  236  231
  229  229  231  231  229  225  220  215  213
    47.5-180.0 180.0   5.0 450.0                            LAT/LON1/LON2/DLON/H
  198  199  200  199  191  176  155  134  115  102   94   90   88   89   93  101
  113  126  139  151  161  169  177  185  193  201  207  212  215  221  229  241
  255  268  279  289  297  305  311  316  318  317  313  306  297  287  278  269
  263  258  254  250  246  243  243  245  251  258  263  264  261  253  245  239
  236  235  234  232  226  217  208  201  198
    45.0-180.0 180.0   5.0 450.0                            LAT/LON1/LON2/DLON/H
  184  184  188  189  186  175  159  141  124  112  103   96   91   89   90   97
  109  124  140  154  165  174  182  189  197  205  210  213  215  221  231  246
  263  280  295  309  320  331  340  346  348  345  338  329  317  306  296  288
  282  276  270  264  257  252  250  252  259  266  272  274  270  263  255  250
  247  246  243  237  226  213  199  189  184
    42.5-180.0 180.0   5.0 450.0                            LAT/LON1/LON2/DLON/H
  173  171  173  176  176  170  159  146  134  125  117  109  101   95   94   99
  110  126  143  158  171  181  189  197  205  211  216  217  218  223  235  253
  275  296  314  331  346  360  371  378  380  376  367  355  342  329  318  310
  302  295  286  275  265  257  253  256  263  272  279  281  278  273  268  265
  264  263  258  249  234  216  197  182  173
    40.0-180.0 180.0   5.0 450.0                            LAT/LON1/LON2/DLON/H
  169  161  159  161  162  160  155  148  142  138  132  125  115  106  102  105
  114  128  145  162  176  187  197  205  214  220  224  225  225  230  243  264
  290  315  336  354  371  387  401  409  411  407  398  384  370  355  343  333
  325  315  302  287  273  263  259  262  271  280  287  290  288  285  283  283
  285  285  279  266  248  226  204  184  169
    37.5-180.0 180.0   5.0 450.0                            LAT/LON1/LON2/DLON/H
  173  157  149  146  147  147  147  147  147  148  147  141  131  121  114  113
  120  131  147  163  179  192  202  212  221  229  234  235  235  240  255  279
  308  336  358  377  394  411  426  436  439  436  427  414  399  383  369  358
  348  336  321  304  289  278  274  278  287  296  303  305  303  301  302  306
  310  310  302  288  268  244  219  195  173
    35.0-180.0 180.0   5.0 450.0                            LAT/LON1/LON2/DLON/H
  187  163  145  136  134  135  138  143  149  155  158  155  146  136  127  124
  126  134  147  162  178  192  204  215  226  236  243  245  247  253  269  296
  328  357  380  398  414  430  445  456  461  460  454  442  427  410  394  382
  371  360  346  330  315  306  304  308  317  325  329  328  325  323  325  330
  335  335  326  311  291  268  242  215  187
    32.5-180.0 180.0   5.0 450.0                            LAT/LON1/LON2/DLON/H
  208  176  150  134  128  128  131  139  149  159  165  165  159  149  140  134
  132  136  145  158  174  189  201  212  225  238  248  255  258  266  285  314
  348  377  399  414  428  442  456  467  474  477  474  466  452  434  417  405
  395  387  376  365  355  349  349  354  361  366  366  360  353  349  350  354
  358  356  346  331  312  292  269  241  208
    30.0-180.0 180.0   5.0 450.0                            LAT/LON1/LON2/DLON/H
  232  196  164  142  131  128  131  138  148  160  169  171  168  160  151  144
  138  137  142  153  168  182  194  205  218  234  250  261  269  280  300  331
  365  394  414  426  436  447  459  470  479  485  488  484  471  454  437  425
  419  416  413  409  405  404  406  411  415  415  409  398  386  377  373  374
  374  368  357  343  328  313  293  267  232
    27.5-180.0 180.0   5.0 450.0                            LAT/LON1/LON2/DLON/H
  255  217  182  158  144  139  138  142  151  161  170  174  173  168  160  152
  144  139  140  148  162  175  185  194  208  227  248  265  278  292  314  345
  380  407  424  432  438  446  456  465  475  485  493  494  485  468  452  443
  442  446  452  457  461  463  466  468  468  464  453  436  418  402  392  386
  380  370  358  344  333  324  310  287  255
    25.0-180.0 180.0   5.0 450.0                            LAT/LON1/LON2/DLON/H
  269  234  202  179  165  158  154  153  157  163  170  174  175  172  167  158
  149  140  138  144  156  167  176  183  196  217  243  267  285  303  326  357
  391  416  430  434  436  440  447  455  466  479  491  497  492  478  464  458
  463  475  490  503  512  517  518  517  513  504  488  467  443  420  402  388
  374  360  346  334  327  322  314  297  269
    22.5-180.0 180.0   5.0 450.0                            LAT/LON1/LON2/DLON/H
  271  245  219  201  189  181  174  169  167  168  172  175  175  174  170  162
  152  141  137  142  152  162  168  174  187  209  239  269  292  313  337  367
  399  423  433  433  432  433  438  444  454  468  485  495  495  485  474  472
  482  501  522  540  552  556  553  547  539  527  510  486  458  429  403  380
  359  340  325  314  309  307  303  292  271
    20.0-180.0 180.0   5.0 450.0                            LAT/LON1/LON2/DLON/H
  261  245  230  219  212  205  195  186  179  176  175  175  175  174  171  164
  153  141  136  139  148  158  164  170  182  205  238  272  300  323  347  377
  407  428  436  433  430  429  431  436  444  459  477  491  495  490  484  486
  499  522  546  565  575  575  566  555  544  532  515  491  462  429  396  365
  337  315  298  287  282  281  280  274  261
    17.5-180.0 180.0   5.0 450.0                            LAT/LON1/LON2/DLON/H
  241  236  232  231  229  223  213  202  191  184  180  177  175  173  170  162
  151  139  133  135  144  155  163  170  182  206  241  278  309  334  359  387
  415  434  440  436  431  430  431  434  440  453  471  488  497  497  496  501
  516  538  561  577  581  574  559  544  532  521  508  486  456  421  384  347
  314  289  271  260  253  250  248  245  241
    15.0-180.0 180.0   5.0 450.0                            LAT/LON1/LON2/DLON/H
  218  223  229  235  237  234  225  213  201  192  185  179  175  171  166  158
  146  134  128  129  139  151  163  173  188  212  247  285  319  346  370  397
  424  442  448  444  439  438  439  441  445  455  471  489  502  507  510  518
  532  551  569  578  574  559  538  520  510  503  494  475  447  411  370  330
  295  268  250  237  228  220  216  215  218
    12.5-180.0 180.0   5.0 450.0                            LAT/LON1/LON2/DLON/H
  198  210  223  234  239  236  228  217  206  197  188  180  173  167  161  151
  139  127  120  121  131  146  163  179  197  222  256  294  328  356  381  408
  434  453  459  457  453  453  456  457  459  465  478  495  509  519  527  536
  548  562  572  573  560  538  513  496  489  487  481  465  438  402  360  319
  283  256  238  225  212  199  191  191  198
    10.0-180.0 180.0   5.0 450.0                            LAT/LON1/LON2/DLON/H
  189  204  220  231  235  232  224  215  206  197  188  178  170  162  153  143
  130  119  111  111  121  139  162  185  207  232  265  301  336  365  390  416
  443  463  472  472  470  473  477  479  479  481  489  504  519  532  542  552
  562  570  573  566  547  520  495  480  478  480  476  461  433  396  355  314
  279  254  237  223  208  191  180  179  189
     7.5-180.0 180.0   5.0 450.0                            LAT/LON1/LON2/DLON/H
  193  209  223  230  230  224  216  208  201  194  184  173  164  154  145  133
  121  110  102  101  110  131  159  188  215  241  271  305  339  368  394  420
  448  470  482  486  487  492  499  502  500  498  502  513  527  542  554  564
  571  574  572  560  538  510  488  478  480  484  480  462  432  395  354  315
  283  260  245  232  215  197  184  183  193
     5.0-180.0 180.0   5.0 450.0                            LAT/LON1/LON2/DLON/H
  211  223  232  233  226  216  205  198  192  185  176  165  154  145  135  124
  112  102   94   91   99  121  153  188  218  244  272  303  336  366  392  418
  446  471  487  493  498  506  515  519  517  512  511  518  530  544  556  566
  571  572  567  554  532  508  490  486  492  497  490  467  433  394  354  318
  289  269  257  246  232  215  203  202  211
     2.5-180.0 180.0   5.0 450.0                            LAT/LON1/LON2/DLON/H
  236  244  246  239  225  209  196  187  181  174  164  152  142  133  124  114
  104   95   88   84   90  111  145  183  216  242  267  296  328  357  382  408
  436  462  481  491  498  507  518  523  521  515  511  514  522  534  546  554
  560  560  556  544  526  507  495  496  505  509  497  468  429  389  351  318
  293  276  268  260  250  238  229  229  236
