public/data/global.ionex
     1.0            IONOSPHERE MAPS     GNSS                IONEX VERSION / TYPE
ADDNEQ2 V5.5        AIUB                08-JUL-26 19:06     PGM / RUN BY / DATE 
CODE'S GLOBAL IONOSPHERE MAPS FOR DAY 185, 2026             COMMENT             
Global ionosphere maps (GIM) are generated on a daily basis DESCRIPTION         
at CODE using data from about 300 GNSS sites of the IGS and DESCRIPTION         
other institutions. The vertical total electron content     DESCRIPTION         
(VTEC) is modeled in a solar-geomagnetic reference frame    DESCRIPTION         
using a spherical harmonics expansion up to degree and      DESCRIPTION         
order 15. Piece-wise linear functions are used for          DESCRIPTION         
representation in the time domain. The time spacing of      DESCRIPTION         
their vertices is 1 hour, conforming with the epochs of the DESCRIPTION         
VTEC maps.                                                  DESCRIPTION         
To convert line-of-sight TEC into vertical TEC, a modified  DESCRIPTION         
single-layer model mapping function approximating the JPL   DESCRIPTION         
extended slab model mapping function is adopted. The        DESCRIPTION         
mapping function is evaluated at geodetic satellite         DESCRIPTION         
elevation angles. For the computation of the ionospheric    DESCRIPTION         
pierce points, a spherical layer with a radius of 6821 km   DESCRIPTION         
is assumed, implying geocentric, not geodetic IONEX         DESCRIPTION         
latitudes.                                                  DESCRIPTION         
Instrumental biases with respect to each involved GNSS code DESCRIPTION         
observable are estimated as constant values for each        DESCRIPTION         
day. They are modeled with one set of bias parameters for   DESCRIPTION         
each satellite and each station in case of GPS and for each DESCRIPTION         
satellite-station link in case of GLONASS. The code bias    DESCRIPTION         
datum is defined by zero-mean conditions imposed on the     DESCRIPTION         
satellite bias estimates. In this file, just GPS C1W-C2W    DESCRIPTION         
satellite and station bias values are included. The         DESCRIPTION         
complete set of GNSS code bias results is provided in an    DESCRIPTION         
additional Bias-SINEX file as pseudo-absolute values        DESCRIPTION         
specific to each observable.                                DESCRIPTION         
Note: These GIM results correspond to the results for the   DESCRIPTION         
middle day of a 3-day combination analysis solving for 73   DESCRIPTION         
times 256, or 18688 VTEC parameters and 3 daily sets of     DESCRIPTION         
GNSS code bias parameters.                                  DESCRIPTION         
Contact address: code(at)aiub.unibe.ch                      DESCRIPTION         
Data archive:    ftp.aiub.unibe.ch/CODE/                    DESCRIPTION         
                 www.aiub.unibe.ch/download/CODE/           DESCRIPTION         
  2026     7     4     0     0     0                        EPOCH OF FIRST MAP  
  2026     7     5     0     0     0                        EPOCH OF LAST MAP   
  3600                                                      INTERVAL            
[...]
azgb badg bake barh bjfs bndy boav bogo bogt bor1 braz brft COMMENT             
brst brux bshm cags cas1 ccj2 cedu chpg chpi chti chur ckis COMMENT             
cmum coco cord cpvg cpxf cro1 daej darw dav1 dgar dhlg djig COMMENT             
drao dubi dubo ebre faa1 fair flin flrs frdn gamb ganp glps COMMENT             
glsv gode gol2 gold gope gras graz guam guug harb hers hert COMMENT             
hlfx hnpt hob2 hofn holb holm hrao iddr ieng iisc impz iqal COMMENT             
ispa jdpr jog2 joz2 joze karr kerg kir0 kiri kiru kit3 kokb COMMENT             
kokv kouc koug kour krgg lama laut lck4 lmmf lpal lpgs m0se COMMENT             
mac1 madr mal2 mas1 mat1 mate maui maw1 mcm4 mdo1 medi mgue COMMENT             
mizu mkea mnls mobs monp mqzg mro1 mtka nano naur nico nist COMMENT             
nium nklg nlib nnor not1 nrc1 nrmd nya1 nyal onsa ous2 park COMMENT             
pdel penc pert pie1 pimo pohn pol2 polv pots pove ptag ptbb COMMENT             
ptvl qaq1 quin rbay reso reun reyk rgdg rio2 salu samo sant COMMENT             
sch2 scor scrz sctb seyg sfer smst spt0 sthl stjo stk2 str2 COMMENT             
suth sutm suwn sydn syog tash thtg thti thu2 tid1 tidb tlse COMMENT             
tn22 tow2 tro1 tskb tuva twtf txes uclu ufpr ulab unb3 unbj COMMENT             
unsa urum usn7 usud vald vill vtsp wab2 wark wgtn whit will COMMENT             
wind wsrt wtza wtzl wtzr wtzs wtzz xmis yar2 yar3 yarr yell COMMENT             
ykro zamb zeck zim2 zim3 zimm                               COMMENT             
                                                            END OF HEADER       
[from data line 6006]
    15                                                      START OF TEC MAP    
  2026     7     4    14     0     0                        EPOCH OF CURRENT MAP
    87.5-180.0 180.0   5.0 450.0                            LAT/LON1/LON2/DLON/H
  100   99   98   97   97   96   95   94   94   93   92   92   91   90   90   89
   89   88   88   87   87   87   86   86   86   86   86   86   86   87   87   87
   88   88   89   90   90   91   92   93   94   95   96   97   98  100  101  102
  103  104  104  105  106  107  107  107  108  108  108  108  108  107  107  106
  106  105  105  104  103  102  102  101  100
    85.0-180.0 180.0   5.0 450.0                            LAT/LON1/LON2/DLON/H
  100   98   97   96   95   94   93   92   91   90   89   89   88   87   86   86
   85   84   83   83   82   82   81   81   81   80   80   80   80   80   81   81
   82   83   84   85   86   87   89   90   92   94   96   98  101  103  105  107
  109  111  113  115  116  117  118  119  119  119  119  118  117  116  115  114
  112  111  109  107  106  104  103  101  100
    82.5-180.0 180.0   5.0 450.0                            LAT/LON1/LON2/DLON/H
   95   94   92   92   91   90   90   89   89   88   88   87   87   86   86   85
   84   84   83   83   82   82   81   81   81   80   80   80   80   80   81   81
   81   82   83   84   85   87   88   90   92   94   97  100  102  105  108  111
  114  117  120  122  124  125  126  127  127  126  125  124  122  120  118  115
  112  110  107  105  102  100   98   96   95
    80.0-180.0 180.0   5.0 450.0                            LAT/LON1/LON2/DLON/H
   87   86   86   86   86   86   87   87   87   87   87   87   87   87   86   86
   86   86   86   86   86   86   86   86   86   87   87   87   87   87   87   87
   88   88   88   89   90   91   92   93   95   97   99  101  104  107  110  113
  116  119  122  125  127  128  129  129  128  127  125  123  120  116  113  109
  106  102   99   96   93   91   89   88   87
    77.5-180.0 180.0   5.0 450.0                            LAT/LON1/LON2/DLON/H
   78   79   80   81   82   83   84   85   86   87   87   87   87   87   87   87
   88   88   89   90   91   93   94   95   96   97   98   99   99   99   99   99
   99   99   99   99   99   99   99  100  100  101  102  103  105  108  110  113
  115  118  120  122  123  124  124  123  121  119  116  113  109  105  101   97
   93   89   86   84   81   80   79   78   78
    75.0-180.0 180.0   5.0 450.0                            LAT/LON1/LON2/DLON/H
   73   74   77   79   81   83   84   85   86   87   87   87   87   87   88   88
   90   91   93   95   98  101  104  106  109  111  113  114  114  115  115  114
  114  114  113  112  112  111  109  108  107  107  106  106  107  108  109  111
  112  114  115  115  115  114  113  110  108  104  101   97   92   88   84   81
   78   75   73   71   70   70   70   71   73
    72.5-180.0 180.0   5.0 450.0                            LAT/LON1/LON2/DLON/H
   71   74   77   80   83   85   86   87   88   87   87   87   87   87   88   89
   91   93   96  100  104  108  113  118  122  125  128  129  130  130  130  129
  129  128  127  126  124  122  120  118  115  113  111  110  109  109  109  109
  109  109  108  106  104  101   98   94   90   86   81   77   73   70   67   65
   64   63   63   63   64   65   66   69   71
    70.0-180.0 180.0   5.0 450.0                            LAT/LON1/LON2/DLON/H
   75   78   82   85   88   90   91   90   90   89   88   88   87   87   88   90
   92   95   98  103  109  115  121  127  133  137  141  143  144  143  143  142
  140  139  138  137  135  133  130  127  123  120  117  115  114  113  112  110
  109  106  103   99   94   89   84   79   73   68   64   59   56   54   54   54
   55   56   58   60   62   65   68   71   75
    67.5-180.0 180.0   5.0 450.0                            LAT/LON1/LON2/DLON/H
   80   84   88   92   94   95   95   94   93   91   90   89   89   89   90   91
   94   97  101  106  112  119  127  134  141  146  150  153  153  153  152  150
  148  147  145  144  142  140  137  134  130  127  124  122  120  119  118  116
  113  108  103   96   89   82   75   69   63   57   53   49   47   46   47   50
   53   57   60   64   66   69   72   76   80
    65.0-180.0 180.0   5.0 450.0                            LAT/LON1/LON2/DLON/H
   83   88   92   96   99  100   99   97   95   93   92   91   91   92   94   95
   98  101  104  109  115  122  129  137  145  151  156  159  159  158  157  154
  152  150  149  148  146  145  142  139  136  133  131  129  129  128  127  125
  121  115  108  100   91   83   76   69   63   58   53   50   48   48   51   55
   60   65   68   71   73   75   77   80   83
    62.5-180.0 180.0   5.0 450.0                            LAT/LON1/LON2/DLON/H
   82   87   92   97  100  101  100   98   96   94   93   94   95   97   99  101
  103  106  108  112  117  123  130  138  145  152  158  161  162  161  159  156
  153  151  149  148  147  146  145  143  141  139  138  138  138  139  139  138
  134  127  119  110  101   93   86   81   76   71   67   63   61   62   65   69
   74   78   80   81   80   79   78   80   82
    60.0-180.0 180.0   5.0 450.0                            LAT/LON1/LON2/DLON/H
   75   80   86   91   96   98   98   97   95   94   95   97   99  102  106  108
  110  112  113  115  118  122  128  135  143  150  156  160  162  161  159  156
  153  150  148  147  147  147  146  146  145  144  144  146  148  150  152  151
  148  141  133  124  117  111  106  103  100   96   92   88   86   85   87   90
   93   95   94   90   85   79   75   73   75
    57.5-180.0 180.0   5.0 450.0                            LAT/LON1/LON2/DLON/H
   63   67   74   81   88   92   93   93   93   93   95   99  103  107  111  114
  116  117  118  118  120  122  126  132  139  146  153  158  161  161  159  156
  153  149  147  145  145  146  147  148  148  149  150  153  156  160  162  162
  160  155  148  141  135  133  132  132  132  130  126  121  117  114  114  115
  115  113  107   98   87   76   67   62   63
    55.0-180.0 180.0   5.0 450.0                            LAT/LON1/LON2/DLON/H
   49   52   60   69   77   83   86   88   89   91   95  100  105  110  114  118
  120  121  122  121  121  122  125  129  135  142  149  155  159  161  160  157
  153  149  145  144  144  145  147  150  151  153  155  158  162  166  169  170
  169  165  160  156  154  155  159  164  167  166  162  156  150  145  142  140
  137  131  120  105   88   71   58   50   49
    52.5-180.0 180.0   5.0 450.0                            LAT/LON1/LON2/DLON/H
   38   41   48   58   67   74   79   82   85   89   94   99  105  110  114  118
  121  123  124  124  124  124  125  128  133  140  147  153  158  160  160  158
  154  149  145  143  143  145  148  152  154  157  159  161  165  168  171  173
  173  171  169  168  170  176  184  192  197  199  195  188  180  173  168  164
  158  148  133  113   91   70   53   42   38
    50.0-180.0 180.0   5.0 450.0                            LAT/LON1/LON2/DLON/H
   37   38   43   52   61   68   74   78   82   88   93   99  104  108  112  115
  119  122  125  127  127  127  127  130  134  140  146  152  157  160  161  159
  156  151  146  144  144  147  151  155  158  161  163  164  166  169  171  173
  174  175  176  178  183  192  202  213  220  223  219  211  203  195  189  184
  177  166  148  126  101   78   58   44   37
    47.5-180.0 180.0   5.0 450.0                            LAT/LON1/LON2/DLON/H
   49   45   47   53   60   66   72   76   82   88   94  100  104  107  109  112
  117  122  126  130  132  132  133  135  139  143  149  154  158  161  162  161
  158  154  150  148  149  153  157  162  165  168  169  170  170  171  172  174
  176  178  181  186  193  203  215  226  233  236  232  224  216  209  204  200
  194  183  166  144  120   96   75   59   49
    45.0-180.0 180.0   5.0 450.0                            LAT/LON1/LON2/DLON/H
   72   64   61   62   65   69   73   78   83   90   97  102  105  107  108  111
  116  123  129  134  138  140  141  144  147  151  155  159  161  164  165  165
  163  161  159  159  162  166  170  174  177  179  180  180  179  178  177  178
  181  184  189  195  202  211  221  231  237  238  234  227  220  214  212  210
  207  200  186  168  146  124  103   85   72
    42.5-180.0 180.0   5.0 450.0                            LAT/LON1/LON2/DLON/H
  103   90   82   78   76   76   78   81   87   95  102  107  110  111  112  115
  121  128  135  141  146  149  152  155  159  163  166  168  169  170  171  173
  174  174  176  179  183  188  192  195  197  198  199  198  196  194  191  191
  192  196  201  206  212  219  225  230  233  232  228  222  216  214  214  216
  217  215  207  194  177  159  139  120  103
    40.0-180.0 180.0   5.0 450.0                            LAT/LON1/LON2/DLON/H
  137  120  107   97   91   87   85   87   93  101  109  115  118  120  122  126
  132  139  145  151  155  159  163  168  173  178  181  181  181  182  184  187
  191  196  203  210  217  222  225  226  226  226  227  227  224  219  215  212
  212  214  218  222  225  227  229  228  226  222  217  212  209  209  212  218
  223  226  224  218  207  193  176  157  137
    37.5-180.0 180.0   5.0 450.0                            LAT/LON1/LON2/DLON/H
  167  148  131  118  107   99   94   94   99  107  116  124  129  133  138  143
  150  156  160  163  165  168  173  180  188  194  198  199  199  200  204  210
  219  229  241  252  262  267  268  266  264  264  266  266  262  255  247  241
  238  238  239  240  240  238  233  227  220  212  206  202  200  202  207  215
  224  231  235  234  229  220  205  187  167
    35.0-180.0 180.0   5.0 450.0                            LAT/LON1/LON2/DLON/H
  187  169  152  137  123  111  103  101  105  113  123  133  141  149  158  166
  173  178  179  178  177  178  182  191  201  211  217  220  222  226  233  243
  256  272  289  304  316  320  318  312  308  309  311  312  307  297  285  275
  269  265  262  259  255  249  240  228  216  205  198  194  193  195  200  209
  219  229  237  240  240  234  223  206  187
    32.5-180.0 180.0   5.0 450.0                            LAT/LON1/LON2/DLON/H
  196  181  166  152  138  124  114  110  112  119  129  140  152  165  179  191
  199  202  200  195  189  187  190  200  213  226  237  244  250  258  269  284
  302  322  343  361  372  375  369  361  356  357  361  362  355  342  325  310
  299  291  283  276  269  260  247  231  215  202  193  189  188  189  192  199
  209  220  228  234  236  233  225  212  196
    30.0-180.0 180.0   5.0 450.0                            LAT/LON1/LON2/DLON/H
  195  185  175  164  152  138  126  119  119  125  133  145  160  178  197  214
  224  227  222  213  202  196  198  207  223  240  256  268  280  293  310  330
  353  376  398  415  425  425  416  405  401  404  410  411  402  383  362  343
  327  313  301  290  279  268  253  235  216  201  192  187  185  184  184  188
  195  204  212  218  221  220  214  205  195
    27.5-180.0 180.0   5.0 450.0                            LAT/LON1/LON2/DLON/H
  186  183  179  174  164  151  139  131  128  130  136  147  164  186  210  231
  245  249  243  231  217  207  205  215  232  253  274  292  310  330  353  378
  404  427  448  462  468  463  452  441  438  444  453  454  442  419  392  369
  349  332  315  299  285  272  257  238  219  203  193  187  183  179  176  176
  179  185  191  197  199  199  196  191  186
    25.0-180.0 180.0   5.0 450.0                            LAT/LON1/LON2/DLON/H
  176  179  181  180  174  163  152  143  137  135  138  147  164  189  217  242
  259  266  262  250  233  219  215  223  242  266  291  315  339  366  395  424
  450  472  488  497  497  488  474  464  465  476  488  488  473  445  415  390
  368  347  325  305  288  273  257  239  220  205  195  189  183  176  169  165
  164  167  171  175  178  178  177  176  176
    22.5-180.0 180.0   5.0 450.0                            LAT/LON1/LON2/DLON/H
  169  175  181  184  181  174  165  156  147  140  138  144  161  187  216  245
  267  279  279  268  251  234  228  235  255  281  309  337  366  398  431  463
  489  507  516  518  511  498  483  476  483  499  513  514  495  464  432  406
  384  361  336  312  291  273  256  238  221  207  197  190  183  174  164  156
  153  153  156  159  162  164  164  166  169
    20.0-180.0 180.0   5.0 450.0                            LAT/LON1/LON2/DLON/H
  168  174  181  185  185  181  175  166  156  145  138  141  156  181  211  242
  268  286  293  286  270  252  244  251  271  299  329  358  390  424  461  494
  518  531  534  528  515  498  484  481  493  514  531  531  510  478  446  421
  401  378  351  322  295  274  255  237  222  209  200  192  183  172  161  152
  146  145  148  152  157  160  162  164  168
    17.5-180.0 180.0   5.0 450.0                            LAT/LON1/LON2/DLON/H
  173  176  180  183  184  184  180  173  161  147  137  137  150  174  203  235
  265  290  304  304  290  273  264  270  292  320  350  379  411  446  484  517
  539  547  543  530  513  496  483  484  500  525  543  542  521  489  459  437
  420  399  370  337  305  278  256  238  224  214  205  196  185  172  160  151
  146  145  148  155  162  168  170  172  173
    15.0-180.0 180.0   5.0 450.0                            LAT/LON1/LON2/DLON/H
  182  179  178  178  179  180  180  174  161  146  134  133  144  167  195  227
  261  292  315  321  311  295  286  294  317  346  374  400  429  463  500  532
  552  556  548  532  513  497  488  491  510  535  553  551  530  500  473  455
  441  423  394  358  321  288  261  243  231  222  214  202  188  174  163  155
  151  150  155  164  175  183  186  185  182
    12.5-180.0 180.0   5.0 450.0                            LAT/LON1/LON2/DLON/H
  192  183  176  171  171  173  174  168  156  140  128  127  139  161  188  220
  257  294  323  336  331  317  311  320  344  373  399  421  445  476  511  541
  559  561  552  536  520  507  501  506  524  546  561  559  539  512  488  474
  463  447  419  382  341  302  271  252  241  235  225  210  193  177  167  161
  158  159  165  177  190  201  204  200  192
    10.0-180.0 180.0   5.0 450.0                            LAT/LON1/LON2/DLON/H
  201  187  174  166  163  164  164  158  146  130  119  119  133  156  183  216
  254  296  331  349  349  339  335  348  373  401  423  440  458  484  516  544
  561  564  556  544  533  525  523  528  542  559  569  565  547  523  502  490
  480  466  441  404  361  318  284  264  255  250  239  220  199  182  172  168
  166  168  175  188  203  215  219  213  201
     7.5-180.0 180.0   5.0 450.0                            LAT/LON1/LON2/DLON/H
  206  190  174  163  158  156  153  146  132  116  107  110  127  151  180  213
  253  297  336  360  364  359  360  375  402  428  445  456  468  488  516  542
  559  563  559  554  550  549  550  553  561  570  574  568  552  530  511  498
  487  474  452  418  376  331  296  276  269  265  253  230  205  186  177  174
  173  174  181  194  210  223  227  220  206
     5.0-180.0 180.0   5.0 450.0                            LAT/LON1/LON2/DLON/H
  208  193  178  167  159  153  146  135  118  102   95  100  119  146  176  211
  252  298  340  367  377  378  383  401  427  450  462  466  472  487  511  535
  552  558  559  561  565  571  574  574  574  575  572  564  549  530  510  494
  480  467  448  420  381  338  303  284  280  276  262  236  208  188  180  178
  177  177  182  194  210  222  226  220  208
     2.5-180.0 180.0   5.0 450.0                            LAT/LON1/LON2/DLON/H
  206  197  186  176  167  156  144  127  108   91   83   90  110  140  173  210
  252  297  340  371  387  395  405  425  448  467  473  471  471  481  501  523
  539  547  552  560  571  581  586  583  577  569  561  551  537  519  497  476
  458  443  428  406  373  335  302  286  283  280  265  237  207  187  180  179
  178  176  178  188  202  213  217  214  206
