public/data/global.ionex
     1.0            IONOSPHERE MAPS     GNSS                IONEX VERSION / TYPE
ADDNEQ2 V5.5        AIUB                07-JUL-26 19:00     PGM / RUN BY / DATE 
CODE'S GLOBAL IONOSPHERE MAPS FOR DAY 184, 2026             COMMENT             
Global ionosphere maps (GIM) are generated on a daily basis DESCRIPTION         
at CODE using data from about 300 GNSS sites of the IGS and DESCRIPTION         
other institutions. The vertical total electron content     DESCRIPTION         
(VTEC) is modeled in a solar-geomagnetic reference frame    DESCRIPTION         
using a spherical harmonics expansion up to degree and      DESCRIPTION         
order 15. Piece-wise linear functions are used for          DESCRIPTION         
representation in the time domain. The time spacing of      DESCRIPTION         
their vertices is 1 hour, conforming with the epochs of the DESCRIPTION         
VTEC maps.                                                  DESCRIPTION         
To convert line-of-sight TEC into vertical TEC, a modified  DESCRIPTION         
single-layer model mapping function approximating the JPL   DESCRIPTION         
extended slab model mapping function is adopted. The        DESCRIPTION         
mapping function is evaluated at geodetic satellite         DESCRIPTION         
elevation angles. For the computation of the ionospheric    DESCRIPTION         
pierce points, a spherical layer with a radius of 6821 km   DESCRIPTION         
is assumed, implying geocentric, not geodetic IONEX         DESCRIPTION         
latitudes.                                                  DESCRIPTION         
Instrumental biases with respect to each involved GNSS code DESCRIPTION         
observable are estimated as constant values for each        DESCRIPTION         
day. They are modeled with one set of bias parameters for   DESCRIPTION         
each satellite and each station in case of GPS and for each DESCRIPTION         
satellite-station link in case of GLONASS. The code bias    DESCRIPTION         
datum is defined by zero-mean conditions imposed on the     DESCRIPTION         
satellite bias estimates. In this file, just GPS C1W-C2W    DESCRIPTION         
satellite and station bias values are included. The         DESCRIPTION         
complete set of GNSS code bias results is provided in an    DESCRIPTION         
additional Bias-SINEX file as pseudo-absolute values        DESCRIPTION         
specific to each observable.                                DESCRIPTION         
Note: These GIM results correspond to the results for the   DESCRIPTION         
middle day of a 3-day combination analysis solving for 73   DESCRIPTION         
times 256, or 18688 VTEC parameters and 3 daily sets of     DESCRIPTION         
GNSS code bias parameters.                                  DESCRIPTION         
Contact address: code(at)aiub.unibe.ch                      DESCRIPTION         
Data archive:    ftp.aiub.unibe.ch/CODE/                    DESCRIPTION         
                 www.aiub.unibe.ch/download/CODE/           DESCRIPTION         
  2026     7     3     0     0     0                        EPOCH OF FIRST MAP  
  2026     7     4     0     0     0                        EPOCH OF LAST MAP   
  3600                                                      INTERVAL            
[...]
azgb badg bake barh bjfs bndy boav bogo bogt bor1 braz brft COMMENT             
brst brux bshm cags cas1 ccj2 cedu chpg chpi chti chur ckis COMMENT             
cmum coco cord cpvg cpxf cro1 daej darw dav1 dgar dhlg djig COMMENT             
drao dubi dubo ebre faa1 fair flin flrs frdn gamb ganp glps COMMENT             
glsv gode gol2 gold gope gras graz guam guug harb hers hert COMMENT             
hlfx hnpt hob2 hofn holb holm hrao iddr ieng iisc impz iqal COMMENT             
irkj ispa jdpr jog2 joz2 joze karr kerg kir0 kiri kiru kit3 COMMENT             
kokb kokv kouc koug kour krgg lama laut lck4 lmmf lpal lpgs COMMENT             
m0se mac1 madr mal2 mas1 mat1 mate maui maw1 mcil mcm4 mdo1 COMMENT             
medi mgue mizu mkea mnls mobs monp morp mqzg mro1 mtka nano COMMENT             
naur nico nist nium nklg nlib nnor not1 nrc1 nrmd nya1 nyal COMMENT             
onsa ous2 park pdel penc pert pie1 pimo pohn pol2 polv pots COMMENT             
pove ptag ptbb ptvl qaq1 quin rbay reso reun reyk rgdg rio2 COMMENT             
roth salu samo sant sch2 scor scrz sctb seyg sfer smst spt0 COMMENT             
sthl stjo stk2 str2 suth sutm suwn sydn syog tash thtg thti COMMENT             
thu2 tid1 tidb tlse tn22 tow2 tro1 tskb tuva twtf txes uclu COMMENT             
ufpr ulab unb3 unbj unsa urum usn7 usud vald vill vtsp wab2 COMMENT             
wark wgtn whit will wind wsrt wtza wtzl wtzr wtzs wtzz xmis COMMENT             
yar2 yar3 yarr yell ykro zamb zeck zim2 zim3 zimm           COMMENT             
                                                            END OF HEADER       
[from data line 6864]
    17                                                      START OF TEC MAP    
  2026     7     3    16     0     0                        EPOCH OF CURRENT MAP
    87.5-180.0 180.0   5.0 450.0                            LAT/LON1/LON2/DLON/H
  171  171  171  170  170  170  169  168  167  167  166  165  164  163  161  160
  159  158  156  155  154  153  151  150  149  148  147  146  145  144  143  142
  142  141  141  141  141  141  141  142  142  143  144  145  146  147  148  149
  151  152  153  155  156  158  159  161  162  163  164  165  166  167  168  169
  169  170  170  171  171  171  171  171  171
    85.0-180.0 180.0   5.0 450.0                            LAT/LON1/LON2/DLON/H
  176  176  176  175  175  174  173  173  171  170  169  167  166  164  162  160
  158  156  154  152  150  148  145  143  141  139  138  136  134  133  131  130
  129  127  127  126  126  126  126  126  127  128  130  132  134  136  139  142
  144  147  150  153  156  159  161  164  166  168  169  170  172  173  173  174
  175  175  175  176  176  176  176  176  176
    82.5-180.0 180.0   5.0 450.0                            LAT/LON1/LON2/DLON/H
  171  172  172  171  171  171  170  170  169  168  166  165  163  161  159  157
  155  152  150  148  146  143  141  139  137  135  134  132  130  128  127  125
  123  121  120  118  117  117  116  116  117  118  120  123  126  129  133  137
  142  146  151  155  159  162  165  168  170  171  172  173  173  173  173  173
  172  172  172  171  171  171  171  171  171
    80.0-180.0 180.0   5.0 450.0                            LAT/LON1/LON2/DLON/H
  159  159  160  160  160  161  160  160  160  159  158  157  156  155  153  151
  149  148  146  144  142  141  140  139  138  137  136  135  134  133  132  130
  128  126  124  122  119  117  116  115  115  116  117  120  124  128  133  139
  145  151  156  161  166  169  172  174  174  174  174  172  171  169  167  164
  163  161  160  159  158  158  158  159  159
    77.5-180.0 180.0   5.0 450.0                            LAT/LON1/LON2/DLON/H
  143  144  145  145  146  146  147  147  148  148  148  148  147  147  146  145
  144  143  142  141  141  141  141  142  143  144  145  146  146  147  146  145
  143  141  138  135  132  128  125  123  121  121  122  125  128  134  140  146
  153  160  166  172  176  179  180  180  179  177  174  170  165  161  157  152
  149  146  144  143  142  142  142  142  143
    75.0-180.0 180.0   5.0 450.0                            LAT/LON1/LON2/DLON/H
  130  130  131  132  132  133  134  134  135  137  138  139  139  140  140  140
  140  140  141  141  142  144  146  149  152  155  158  161  164  166  167  167
  166  164  160  156  152  147  142  138  135  133  134  136  139  145  151  159
  166  174  180  185  188  189  189  187  183  178  173  166  159  153  146  141
  136  132  129  128  127  127  128  129  130
    72.5-180.0 180.0   5.0 450.0                            LAT/LON1/LON2/DLON/H
  123  123  124  124  124  124  125  126  127  129  132  134  136  138  139  140
  141  142  143  144  147  150  154  158  163  169  174  179  183  187  189  190
  190  188  185  181  176  170  164  158  153  151  150  151  154  160  167  174
  182  189  194  198  200  199  196  192  186  179  171  163  155  147  139  132
  127  123  121  120  119  120  121  122  123
    70.0-180.0 180.0   5.0 450.0                            LAT/LON1/LON2/DLON/H
  125  125  125  124  123  123  123  124  126  129  132  135  139  141  143  145
  146  147  148  151  154  158  163  169  176  183  189  196  201  206  209  211
  211  210  208  204  198  192  185  179  173  169  167  168  171  176  183  190
  197  203  208  210  209  206  201  195  187  179  171  162  153  145  137  131
  126  123  121  120  121  122  124  125  125
    67.5-180.0 180.0   5.0 450.0                            LAT/LON1/LON2/DLON/H
  136  135  134  132  131  130  130  131  133  136  140  144  148  152  154  155
  156  157  158  159  163  167  173  180  187  195  203  210  215  220  224  226
  227  227  225  221  217  211  204  198  192  187  185  185  187  192  198  204
  210  215  217  217  214  209  203  195  187  179  171  163  156  148  142  136
  132  130  129  130  131  133  135  136  136
    65.0-180.0 180.0   5.0 450.0                            LAT/LON1/LON2/DLON/H
  151  150  149  147  145  144  144  145  148  151  155  160  164  167  169  169
  169  169  169  170  172  177  182  190  197  205  213  220  225  230  233  235
  236  237  236  233  229  225  219  213  207  203  200  199  201  204  209  214
  218  221  222  220  215  209  202  194  186  179  173  167  162  156  151  147
  144  142  142  144  146  149  151  151  151
    62.5-180.0 180.0   5.0 450.0                            LAT/LON1/LON2/DLON/H
  166  166  164  163  163  163  163  165  167  170  174  178  181  184  185  185
  183  182  180  180  182  185  191  197  205  213  220  226  231  235  238  240
  241  241  241  240  237  234  230  225  220  216  212  211  211  212  215  218
  221  222  221  218  213  206  199  192  186  181  177  174  170  167  163  160
  157  156  156  158  161  164  165  166  166
    60.0-180.0 180.0   5.0 450.0                            LAT/LON1/LON2/DLON/H
  176  176  177  179  181  183  185  187  189  191  193  196  198  199  199  198
  196  193  191  189  190  192  197  203  211  218  225  231  235  239  241  242
  243  244  244  244  243  241  238  234  230  226  223  220  218  217  217  218
  218  218  217  214  210  204  197  192  187  184  182  181  180  177  174  171
  168  166  167  168  171  173  174  175  176
    57.5-180.0 180.0   5.0 450.0                            LAT/LON1/LON2/DLON/H
  177  180  184  189  195  200  204  207  208  209  210  210  211  210  209  207
  205  201  198  196  196  197  201  207  215  222  230  235  240  243  245  246
  247  248  248  249  248  247  245  243  240  236  232  227  223  219  216  214
  213  213  212  210  207  203  199  195  192  190  189  189  188  186  182  178
  174  171  170  171  172  174  175  175  177
    55.0-180.0 180.0   5.0 450.0                            LAT/LON1/LON2/DLON/H
  170  175  184  194  204  213  220  223  224  223  222  220  218  216  214  212
  209  206  203  200  199  200  204  210  217  226  234  241  246  249  251  253
  254  255  256  256  256  255  254  253  250  247  242  235  228  220  214  210
  208  207  208  208  208  207  204  202  199  197  196  195  194  191  186  180
  174  170  167  166  166  166  166  167  170
    52.5-180.0 180.0   5.0 450.0                            LAT/LON1/LON2/DLON/H
  157  165  177  192  208  221  230  235  235  233  229  224  221  218  215  213
  211  208  206  203  201  202  205  211  220  230  240  248  254  259  262  264
  266  268  268  268  268  267  266  265  263  259  253  245  234  224  215  208
  205  205  207  210  213  215  214  212  209  206  203  201  198  193  186  178
  171  164  160  157  155  154  152  153  157
    50.0-180.0 180.0   5.0 450.0                            LAT/LON1/LON2/DLON/H
  142  152  168  186  206  222  234  240  241  238  233  227  222  218  215  213
  212  210  207  205  203  203  206  213  224  236  248  258  266  272  276  280
  283  285  286  286  285  284  283  282  279  275  268  257  244  231  220  211
  207  207  211  216  222  226  227  225  220  214  209  204  200  194  186  176
  166  159  153  148  145  141  138  138  142
    47.5-180.0 180.0   5.0 450.0                            LAT/LON1/LON2/DLON/H
  130  141  158  178  200  219  233  241  243  241  237  231  226  221  218  216
  215  213  211  207  205  204  208  217  229  244  259  272  282  289  294  299
  303  307  309  309  308  306  305  303  300  295  286  274  259  244  230  221
  216  216  220  226  233  238  240  237  230  221  213  207  201  194  186  175
  165  156  149  144  139  133  128  127  130
    45.0-180.0 180.0   5.0 450.0                            LAT/LON1/LON2/DLON/H
  126  135  151  171  192  211  227  238  244  246  245  241  237  232  228  226
  224  221  217  212  209  208  213  223  239  257  275  290  301  309  316  322
  328  333  336  337  337  335  334  331  327  320  309  295  278  262  248  237
  231  229  232  237  243  248  250  246  238  227  216  209  203  197  189  179
  168  159  153  147  140  133  127  123  126
    42.5-180.0 180.0   5.0 450.0                            LAT/LON1/LON2/DLON/H
  130  136  148  164  183  201  218  232  244  252  257  259  257  253  248  243
  239  234  228  221  216  215  221  234  252  273  294  311  324  333  341  348
  356  364  369  372  372  371  369  365  359  349  335  319  302  285  270  258
  251  246  245  247  251  255  256  252  242  229  218  210  206  202  195  186
  177  169  162  157  151  143  135  130  130
    40.0-180.0 180.0   5.0 450.0                            LAT/LON1/LON2/DLON/H
  142  144  150  161  174  190  208  227  245  262  275  283  285  282  276  269
  261  253  244  235  228  227  233  248  269  293  317  336  351  361  369  378
  389  399  408  413  414  414  411  405  395  382  365  346  328  310  295  282
  272  264  258  255  255  256  257  253  243  230  219  213  210  209  204  196
  188  181  177  173  167  159  151  145  142
    37.5-180.0 180.0   5.0 450.0                            LAT/LON1/LON2/DLON/H
  159  157  157  160  168  181  198  221  247  274  297  313  319  318  310  300
  289  277  265  253  245  243  250  266  289  315  341  363  380  391  401  412
  425  439  450  458  461  461  457  448  435  416  396  374  354  336  320  306
  292  280  267  258  253  253  254  250  241  229  219  215  215  216  213  206
  199  194  192  189  185  179  171  164  159
    35.0-180.0 180.0   5.0 450.0                            LAT/LON1/LON2/DLON/H
  178  172  166  163  165  174  191  217  250  285  318  342  354  354  346  333
  318  304  289  275  266  264  271  287  311  338  365  390  409  423  434  447
  463  480  495  504  508  508  502  491  473  450  425  401  380  360  342  326
  309  291  273  258  249  247  248  246  239  229  220  217  219  221  219  213
  207  203  203  203  201  196  190  184  178
    32.5-180.0 180.0   5.0 450.0                            LAT/LON1/LON2/DLON/H
  195  187  177  169  166  172  189  216  253  295  334  365  382  384  376  362
  347  331  315  301  290  287  294  309  331  357  386  413  436  453  467  482
  501  521  537  548  551  549  541  527  505  478  451  425  402  380  360  341
  320  298  275  255  243  240  242  243  238  229  221  219  221  223  221  214
  208  205  207  209  209  207  204  200  195
    30.0-180.0 180.0   5.0 450.0                            LAT/LON1/LON2/DLON/H
  206  199  188  177  172  176  191  219  256  300  343  378  399  404  398  385
  370  355  340  327  317  313  317  329  347  372  401  431  458  478  495  512
  532  554  572  581  583  578  568  551  527  499  470  443  419  396  373  350
  326  301  275  252  239  236  239  242  238  230  222  219  220  220  216  208
  201  199  202  206  208  208  209  209  206
    27.5-180.0 180.0   5.0 450.0                            LAT/LON1/LON2/DLON/H
  209  205  196  186  182  185  200  224  259  301  343  379  402  410  407  397
  386  375  363  352  343  338  338  345  359  380  408  441  472  497  515  533
  554  576  593  601  599  591  578  560  536  508  481  456  432  407  381  354
  327  300  274  251  237  235  239  243  240  231  222  217  216  213  206  196
  188  186  190  194  197  200  203  208  209
    25.0-180.0 180.0   5.0 450.0                            LAT/LON1/LON2/DLON/H
  204  205  200  195  193  199  212  233  262  298  335  368  391  403  404  401
  395  389  383  375  367  360  356  357  364  381  409  445  479  506  526  543
  563  583  598  602  595  583  568  551  530  507  485  463  441  415  385  355
  326  299  274  252  239  237  242  246  242  233  222  214  208  202  192  180
  171  169  172  176  178  182  189  197  204
    22.5-180.0 180.0   5.0 450.0                            LAT/LON1/LON2/DLON/H
  192  198  200  200  204  213  226  243  265  292  321  349  371  385  393  396
  398  399  399  394  387  378  370  365  366  378  405  442  480  508  526  541
  558  575  587  585  574  558  543  528  513  497  482  467  447  420  388  355
  325  299  275  256  245  243  247  249  244  233  219  208  199  190  177  164
  155  152  153  155  155  158  167  180  192
    20.0-180.0 180.0   5.0 450.0                            LAT/LON1/LON2/DLON/H
  173  185  193  200  210  223  237  252  267  285  305  326  345  363  376  388
  397  405  410  409  403  392  379  369  365  374  400  438  476  504  519  530
  542  556  563  556  540  522  508  498  490  483  476  467  451  425  391  356
  326  301  279  262  251  248  250  250  244  231  216  203  191  179  164  151
  141  137  135  134  132  133  142  157  173
    17.5-180.0 180.0   5.0 450.0                            LAT/LON1/LON2/DLON/H
  152  167  179  192  207  226  243  256  267  278  289  304  321  340  360  378
  395  409  418  420  413  400  385  371  365  372  397  435  473  499  510  515
  522  531  533  523  503  484  473  469  469  470  471  467  454  428  394  358
  328  304  284  268  257  252  250  247  240  227  212  197  184  170  155  142
  131  126  122  117  111  110  118  134  152
    15.0-180.0 180.0   5.0 450.0                            LAT/LON1/LON2/DLON/H
  131  147  161  176  196  218  239  254  264  271  277  286  302  323  347  371
  393  410  422  425  419  406  390  376  369  376  401  437  473  495  502  502
  504  509  508  494  473  455  448  450  456  463  468  467  455  430  396  361
  331  307  288  271  258  250  245  240  233  222  208  194  179  165  151  138
  127  120  113  105   96   92   98  113  131
    12.5-180.0 180.0   5.0 450.0                            LAT/LON1/LON2/DLON/H
  114  128  140  155  175  200  224  244  257  265  269  275  289  312  340  368
  392  411  424  428  423  410  395  383  379  387  411  445  478  496  499  496
  495  496  492  478  458  443  441  447  456  464  469  467  454  429  396  363
  334  309  288  269  254  243  235  229  224  216  205  192  177  163  150  138
  127  118  110   99   88   82   85   98  114
    10.0-180.0 180.0   5.0 450.0                            LAT/LON1/LON2/DLON/H
  104  113  120  131  149  174  201  226  246  258  264  270  284  308  338  367
  392  410  423  428  425  415  404  396  395  404  427  457  486  502  503  499
  496  496  491  477  461  451  453  461  469  473  472  465  449  423  392  361
  333  307  283  262  244  230  220  215  213  210  203  191  177  164  152  140
  129  119  110   98   87   80   82   92  104
     7.5-180.0 180.0   5.0 450.0                            LAT/LON1/LON2/DLON/H
  101  104  105  109  122  144  172  203  229  249  260  269  283  308  338  368
  391  408  420  427  427  422  416  413  415  425  444  470  494  508  511  508
  507  507  502  491  479  475  480  487  490  485  474  458  437  411  382  353
  326  299  272  248  228  212  203  200  201  204  201  191  178  165  153  143
  132  122  112  102   93   87   88   94  101
     5.0-180.0 180.0   5.0 450.0                            LAT/LON1/LON2/DLON/H
  105  102   96   93   99  117  144  177  211  238  256  269  286  310  340  368
  389  404  417  426  432  433  432  433  437  445  459  478  497  511  517  520
  522  523  519  511  505  506  513  517  511  494  470  444  417  390  363  338
  312  284  255  228  207  192  184  184  190  197  197  190  177  164  154  144
  133  124  116  109  104  101  101  104  105
     2.5-180.0 180.0   5.0 450.0                            LAT/LON1/LON2/DLON/H
  115  106   94   85   85   96  120  154  192  227  252  269  288  313  342  367
  386  400  414  428  439  446  451  454  457  460  466  477  491  506  517  526
  533  535  532  527  527  533  541  539  522  493  457  422  389  361  338  316
  291  262  231  204  184  170  165  168  178  188  192  185  172  161  152  143
  133  125  120  118  117  117  118  119  115
