public/data/global.ionex
     1.0            IONOSPHERE MAPS     GNSS                IONEX VERSION / TYPE
IONINX V5.5         AIUB                26-JUN-26 08:18     PGM / RUN BY / DATE 
CODE'S 1-DAY PREDICTED IONOSPHERE MAPS FOR DAY 177, 2026    COMMENT             
Global ionosphere maps (GIM) are generated on a daily basis DESCRIPTION         
at CODE using data from about 120 GNSS sites of the IGS and DESCRIPTION         
other institutions. The vertical total electron content     DESCRIPTION         
(VTEC) is modeled in a solar-geomagnetic reference frame    DESCRIPTION         
using a spherical harmonics expansion up to degree and      DESCRIPTION         
order 15. Piece-wise linear functions are used for          DESCRIPTION         
representation in the time domain. The time spacing of      DESCRIPTION         
their vertices is 1 hour, conforming with the epochs of the DESCRIPTION         
VTEC maps.                                                  DESCRIPTION         
To convert line-of-sight TEC into vertical TEC, a modified  DESCRIPTION         
single-layer model mapping function approximating the JPL   DESCRIPTION         
extended slab model mapping function is adopted. The        DESCRIPTION         
mapping function is evaluated at geodetic satellite         DESCRIPTION         
elevation angles. For the computation of the ionospheric    DESCRIPTION         
pierce points, a spherical layer with a radius of 6821 km   DESCRIPTION         
is assumed, implying geocentric, not geodetic IONEX         DESCRIPTION         
latitudes.                                                  DESCRIPTION         
Instrumental biases with respect to each involved GNSS code DESCRIPTION         
observable are estimated as constant values for each        DESCRIPTION         
day. They are modeled with one set of bias parameters for   DESCRIPTION         
each satellite and each station in case of GPS and for each DESCRIPTION         
satellite-station link in case of GLONASS. The code bias    DESCRIPTION         
datum is defined by zero-mean conditions imposed on the     DESCRIPTION         
satellite bias estimates. In this file, just GPS C1W-C2W    DESCRIPTION         
satellite and station bias values are included. The         DESCRIPTION         
complete set of GNSS code bias results is provided in an    DESCRIPTION         
additional Bias-SINEX file as pseudo-absolute values        DESCRIPTION         
specific to each observable.                                DESCRIPTION         
Contact address: code(at)aiub.unibe.ch                      DESCRIPTION         
Data archive:    ftp.aiub.unibe.ch/CODE/                    DESCRIPTION         
                 www.aiub.unibe.ch/download/CODE/           DESCRIPTION         
  2026     6    26     0     0     0                        EPOCH OF FIRST MAP  
  2026     6    27     0     0     0                        EPOCH OF LAST MAP   
  3600                                                      INTERVAL            
    25                                                      # OF MAPS IN FILE   
  NONE                                                      MAPPING FUNCTION    
    10.0                                                    ELEVATION CUTOFF    
One-way carrier phase leveled to code                       OBSERVABLES USED    
  6371.0                                                    BASE RADIUS         
     2                                                      MAP DIMENSION       
   450.0 450.0   0.0                                        HGT1 / HGT2 / DHGT  
    87.5 -87.5  -2.5                                        LAT1 / LAT2 / DLAT  
  -180.0 180.0   5.0                                        LON1 / LON2 / DLON  
    -1                                                      EXPONENT            
TEC/RMS values in 0.1 TECU; 9999, if no value available     COMMENT             
                                                            END OF HEADER       
[from data line 9867]
    24                                                      START OF TEC MAP    
  2026     6    26    23     0     0                        EPOCH OF CURRENT MAP
    87.5-180.0 180.0   5.0 450.0                            LAT/LON1/LON2/DLON/H
  146  147  147  147  147  148  148  148  148  148  148  148  148  148  148  147
  147  147  146  146  145  144  144  143  142  141  141  140  139  138  137  136
  136  135  134  134  133  133  133  132  132  132  132  132  133  133  133  134
  134  135  135  136  137  137  138  139  139  140  141  141  142  142  143  143
  144  144  145  145  145  146  146  146  146
    85.0-180.0 180.0   5.0 450.0                            LAT/LON1/LON2/DLON/H
  152  153  153  154  154  155  155  156  157  157  157  158  158  158  158  157
  157  156  156  155  154  153  151  150  149  147  145  144  142  140  138  136
  135  133  132  131  130  129  128  127  127  127  128  128  129  130  131  132
  133  135  136  138  139  141  142  144  145  146  147  148  149  150  150  150
  151  151  151  151  151  151  152  152  152
    82.5-180.0 180.0   5.0 450.0                            LAT/LON1/LON2/DLON/H
  156  156  157  158  159  160  162  163  164  165  166  167  168  168  168  168
  167  167  166  165  164  163  161  159  157  155  153  150  147  145  142  139
  137  135  132  131  129  128  127  126  126  126  127  128  129  131  133  135
  137  139  142  145  147  150  152  154  156  158  159  160  160  161  160  160
  159  159  158  157  156  156  156  156  156
    80.0-180.0 180.0   5.0 450.0                            LAT/LON1/LON2/DLON/H
  157  157  158  160  162  164  167  169  171  173  175  176  177  177  177  177
  176  176  175  174  173  172  170  168  166  163  161  158  154  151  148  144
  141  138  136  134  132  131  130  129  130  130  131  132  134  136  139  142
  145  148  152  155  159  162  165  168  170  172  173  174  174  174  173  171
  169  167  165  162  160  159  157  157  157
    77.5-180.0 180.0   5.0 450.0                            LAT/LON1/LON2/DLON/H
  156  157  158  161  164  167  171  175  178  181  183  184  185  185  184  183
  183  182  181  180  179  178  177  175  173  171  168  164  160  157  153  149
  146  143  141  139  137  136  136  136  137  138  139  141  143  145  148  152
  155  159  163  167  171  175  179  182  185  187  188  188  188  187  185  182
  179  175  171  167  164  161  158  157  156
    75.0-180.0 180.0   5.0 450.0                            LAT/LON1/LON2/DLON/H
  157  157  159  162  166  171  176  181  185  188  191  192  192  191  190  188
  187  185  185  184  183  183  182  180  178  175  172  168  164  160  156  153
  150  148  146  145  144  144  144  145  146  147  149  150  153  155  158  162
  165  169  174  178  182  186  190  194  197  199  200  201  200  199  196  193
  188  183  178  173  168  163  160  158  157
    72.5-180.0 180.0   5.0 450.0                            LAT/LON1/LON2/DLON/H
  161  161  162  165  170  175  181  187  192  196  199  200  199  197  195  192
  189  188  186  186  186  185  184  182  180  177  173  169  165  161  157  154
  152  151  150  150  151  152  153  154  155  156  158  160  162  164  166  170
  173  177  181  185  189  194  197  201  204  207  208  209  209  208  205  202
  197  192  186  180  174  169  165  162  161
    70.0-180.0 180.0   5.0 450.0                            LAT/LON1/LON2/DLON/H
  170  169  169  172  176  181  187  194  200  204  207  207  206  203  200  196
  192  190  188  188  187  187  185  183  180  176  172  167  163  159  156  155
  154  154  154  155  157  158  160  161  163  164  165  166  167  169  171  173
  177  180  184  188  192  195  199  203  206  209  211  213  214  214  212  209
  205  201  195  190  184  180  175  172  170
    67.5-180.0 180.0   5.0 450.0                            LAT/LON1/LON2/DLON/H
  184  182  181  182  184  188  194  200  206  211  214  215  213  210  205  201
  197  194  192  191  190  189  187  184  180  175  169  164  160  157  156  155
  156  157  158  160  162  164  165  166  167  168  168  168  168  169  170  172
  175  178  182  185  189  192  195  198  202  205  209  212  214  215  216  215
  213  209  206  202  198  194  191  187  184
    65.0-180.0 180.0   5.0 450.0                            LAT/LON1/LON2/DLON/H
  203  200  197  194  194  196  200  205  211  216  220  221  220  216  212  207
  203  199  198  196  195  194  191  186  181  174  169  163  160  158  157  158
  159  161  163  165  167  168  169  169  169  168  167  166  165  165  165  167
  169  172  175  178  181  184  187  190  193  198  202  207  211  214  217  218
  218  217  216  215  213  212  209  207  203
    62.5-180.0 180.0   5.0 450.0                            LAT/LON1/LON2/DLON/H
  224  220  214  209  205  204  205  209  214  219  223  225  225  222  218  214
  210  207  205  204  203  200  196  191  184  178  171  167  164  163  163  165
  167  169  170  171  171  171  170  169  168  166  163  161  159  158  157  158
  160  163  165  168  171  173  176  179  183  188  194  200  206  212  216  219
  222  223  225  226  228  229  229  227  224
    60.0-180.0 180.0   5.0 450.0                            LAT/LON1/LON2/DLON/H
  244  239  232  224  217  212  211  212  216  220  225  227  228  227  224  220
  217  215  214  213  212  209  205  199  192  185  179  175  173  173  174  176
  177  178  178  177  176  174  171  168  165  162  158  154  151  149  148  148
  150  152  155  157  160  162  165  168  173  179  186  194  201  208  214  219
  223  227  230  234  239  243  246  246  244
    57.5-180.0 180.0   5.0 450.0                            LAT/LON1/LON2/DLON/H
  258  254  246  237  229  222  217  216  217  221  225  228  230  230  228  226
  224  223  222  222  221  219  215  210  204  198  193  190  188  188  189  190
  190  189  187  184  180  176  171  167  162  158  153  149  144  141  139  139
  140  142  145  147  150  152  156  160  166  173  181  190  198  206  213  218
  223  227  232  238  245  251  257  259  258
    55.0-180.0 180.0   5.0 450.0                            LAT/LON1/LON2/DLON/H
  266  263  257  249  240  232  225  222  221  223  226  228  230  231  230  229
  229  228  229  229  229  228  226  223  219  215  211  209  207  207  206  206
  204  200  196  191  184  178  172  166  160  155  150  145  140  136  133  132
  132  134  137  139  142  145  150  156  163  171  180  190  199  207  213  218
  222  226  231  237  245  253  260  265  266
    52.5-180.0 180.0   5.0 450.0                            LAT/LON1/LON2/DLON/H
  266  266  263  257  250  243  237  232  229  228  228  230  231  232  232  232
  231  232  233  235  236  237  237  237  235  234  232  230  228  226  223  220
  215  210  203  196  189  181  174  167  161  155  149  144  139  134  130  128
  128  130  132  135  138  143  149  156  165  175  185  195  203  210  215  219
  222  225  229  235  242  251  258  264  266
    50.0-180.0 180.0   5.0 450.0                            LAT/LON1/LON2/DLON/H
  262  264  264  263  260  256  250  245  240  236  234  234  234  234  233  233
  233  234  237  239  242  245  248  250  252  253  252  250  247  242  237  231
  224  217  209  201  193  185  178  170  164  158  152  147  141  136  131  128
  128  128  131  134  138  144  152  162  173  185  195  204  211  217  221  223
  224  225  228  232  239  246  253  259  262
    47.5-180.0 180.0   5.0 450.0                            LAT/LON1/LON2/DLON/H
  257  260  264  267  269  269  266  261  255  249  244  241  239  237  236  235
  236  237  240  244  248  253  259  263  268  270  270  268  262  255  247  239
  230  222  215  208  200  193  185  177  170  164  159  153  147  141  136  132
  130  131  133  136  142  149  160  172  186  199  209  217  223  227  229  229
  229  229  230  233  238  244  249  253  257
    45.0-180.0 180.0   5.0 450.0                            LAT/LON1/LON2/DLON/H
  254  258  264  271  278  282  282  278  272  264  257  251  247  244  242  240
  240  242  246  250  256  262  269  275  281  285  285  282  275  265  255  245
  236  228  222  216  211  204  196  189  181  175  169  163  157  150  144  139
  136  137  139  143  149  158  170  185  201  215  225  232  237  239  240  239
  238  237  238  240  244  247  250  252  254
    42.5-180.0 180.0   5.0 450.0                            LAT/LON1/LON2/DLON/H
  258  261  268  277  287  294  298  296  290  281  272  265  259  254  250  248
  248  251  255  261  267  273  280  287  293  297  298  293  285  274  262  251
  243  237  233  229  226  220  213  205  197  190  183  177  170  162  155  149
  145  145  147  151  158  168  182  199  216  231  241  247  250  252  252  251
  250  249  250  253  256  258  258  258  258
    40.0-180.0 180.0   5.0 450.0                            LAT/LON1/LON2/DLON/H
  271  272  278  287  298  307  312  312  307  298  289  280  273  268  263  261
  261  264  270  276  282  287  292  298  304  308  308  304  295  283  271  261
  254  250  248  247  245  241  234  225  216  208  201  194  187  178  168  161
  156  156  157  162  168  178  192  210  228  243  254  260  262  264  264  264
  264  265  267  270  274  275  274  272  271
    37.5-180.0 180.0   5.0 450.0                            LAT/LON1/LON2/DLON/H
  292  292  295  302  312  320  326  327  324  316  307  299  291  285  280  277
  278  282  289  295  300  304  307  311  315  319  319  315  306  295  284  274
  269  267  267  267  266  263  256  248  238  230  222  214  205  194  184  174
  168  167  168  172  177  186  199  216  234  250  261  267  271  273  275  277
  278  281  284  290  295  298  297  294  292
    35.0-180.0 180.0   5.0 450.0                            LAT/LON1/LON2/DLON/H
  319  318  319  324  330  337  342  344  342  336  328  320  313  307  301  298
  299  304  311  318  322  324  324  325  328  331  331  328  320  310  299  291
  286  285  286  287  286  283  277  269  260  250  242  233  223  211  199  188
  180  177  178  180  183  190  200  215  233  249  261  269  275  280  284  288
  291  295  301  308  316  321  322  321  319
    32.5-180.0 180.0   5.0 450.0                            LAT/LON1/LON2/DLON/H
  348  348  349  350  353  357  361  363  363  359  353  346  340  333  326  322
  323  328  336  343  346  345  343  341  342  344  344  342  334  325  314  306
  301  300  300  300  300  297  292  285  276  267  258  248  238  225  211  199
  190  185  184  184  185  188  195  207  223  240  254  265  274  282  289  296
  301  307  314  323  333  341  346  348  348
    30.0-180.0 180.0   5.0 450.0                            LAT/LON1/LON2/DLON/H
  376  379  380  380  380  381  384  387  388  387  383  378  371  364  356  350
  349  354  361  367  369  367  362  358  357  357  357  354  346  336  325  316
  310  306  305  304  302  299  295  290  283  275  266  257  246  233  219  205
  195  188  186  184  181  179  182  191  206  224  241  255  268  280  291  300
  307  314  322  333  344  355  364  371  376
    27.5-180.0 180.0   5.0 450.0                            LAT/LON1/LON2/DLON/H
  397  404  408  409  408  409  412  416  419  419  418  414  408  399  390  381
  378  380  386  390  391  387  380  374  370  368  366  361  352  339  326  315
  306  300  296  293  290  288  285  282  278  272  264  255  245  233  219  205
  194  186  182  177  171  166  164  170  184  203  223  242  259  275  289  300
  310  318  327  337  350  363  376  387  397
    25.0-180.0 180.0   5.0 450.0                            LAT/LON1/LON2/DLON/H
  410  422  431  434  435  436  440  446  452  455  456  454  448  439  427  415
  408  407  409  411  410  404  396  387  380  374  368  359  346  331  315  300
  289  281  274  269  265  262  262  261  260  256  250  242  233  223  211  198
  186  178  172  165  157  147  142  145  159  180  204  227  248  267  284  298
  310  319  328  338  351  365  380  395  410
    22.5-180.0 180.0   5.0 450.0                            LAT/LON1/LON2/DLON/H
  415  431  444  452  456  460  466  474  483  490  494  494  489  479  465  450
  439  433  431  429  425  418  407  396  384  373  360  346  330  311  291  274
  260  250  242  235  230  227  228  230  231  229  224  218  211  203  193  183
  172  164  157  149  138  127  119  122  136  160  187  214  238  259  278  295
  308  319  328  338  351  364  380  397  415
    20.0-180.0 180.0   5.0 450.0                            LAT/LON1/LON2/DLON/H
  414  432  448  460  469  476  485  496  508  518  526  529  526  516  501  485
  470  459  452  445  438  427  414  399  381  362  343  323  302  280  259  240
  225  214  205  197  192  189  190  194  197  196  193  187  181  176  170  162
  154  145  138  130  119  107   99  101  117  143  175  205  231  253  274  292
  307  319  329  340  351  364  379  395  414
    17.5-180.0 180.0   5.0 450.0                            LAT/LON1/LON2/DLON/H
  410  428  446  461  472  482  493  507  522  536  548  554  554  546  532  515
  497  483  471  459  447  433  416  396  371  345  318  293  270  247  225  205
  190  179  171  164  158  155  156  160  163  164  160  155  150  147  144  139
  133  125  119  111  100   89   82   86  104  133  167  200  227  250  271  290
  307  321  333  344  356  368  381  394  410
    15.0-180.0 180.0   5.0 450.0                            LAT/LON1/LON2/DLON/H
  410  424  441  456  469  480  492  507  524  542  556  566  569  565  553  537
  519  502  486  470  453  435  414  387  355  322  289  261  238  216  196  178
  164  155  148  142  137  133  132  135  137  137  133  127  122  120  120  117
  112  106  100   93   84   75   70   76   97  129  166  200  229  251  272  291
  309  325  339  352  365  377  388  398  410
    12.5-180.0 180.0   5.0 450.0                            LAT/LON1/LON2/DLON/H
  415  425  438  452  464  474  485  499  516  535  552  565  571  569  561  548
  533  516  497  477  456  434  408  375  337  298  262  234  213  196  180  165
  153  145  140  136  131  127  123  123  123  121  116  109  103  101  101   99
   96   90   84   78   71   65   63   72   94  129  168  204  233  256  276  295
  314  332  347  363  378  392  402  409  415
    10.0-180.0 180.0   5.0 450.0                            LAT/LON1/LON2/DLON/H
  429  434  443  454  463  469  477  488  504  522  539  552  559  561  556  548
  536  521  502  480  456  430  400  363  320  277  242  217  201  190  179  167
  157  150  147  145  141  135  129  125  122  118  111  102   94   90   89   88
   84   78   72   67   62   59   60   71   94  130  170  208  239  263  283  302
  321  339  356  374  393  409  421  426  429
     7.5-180.0 180.0   5.0 450.0                            LAT/LON1/LON2/DLON/H
  450  452  458  465  470  472  475  482  493  508  522  533  540  543  541  537
  530  518  501  479  454  425  392  352  307  264  232  212  204  199  192  183
  173  168  166  165  161  154  145  137  132  126  117  106   95   89   85   82
   78   71   65   60   56   55   58   70   93  129  170  210  244  270  291  310
  328  346  364  384  406  427  442  449  450
     5.0-180.0 180.0   5.0 450.0                            LAT/LON1/LON2/DLON/H
  475  477  481  486  489  487  485  486  492  501  510  516  520  521  521  520
  517  509  494  474  449  420  385  344  300  260  233  220  218  218  215  206
  196  189  188  187  184  175  164  153  145  138  128  115  103   93   87   82
   75   67   60   55   52   52   56   67   89  123  165  208  245  275  298  317
  335  351  369  390  415  441  461  471  475
     2.5-180.0 180.0   5.0 450.0                            LAT/LON1/LON2/DLON/H
  498  503  510  515  516  513  508  505  505  507  508  507  505  503  502  502
  501  495  484  467  444  415  381  341  300  264  243  236  238  241  238  228
  216  207  204  204  200  191  178  166  156  148  138  126  112  100   91   84
   75   66   57   51   49   49   52   61   80  112  154  199  241  275  301  321
  338  353  369  390  417  447  473  489  498
