public/data/global.ionex
     1.0            IONOSPHERE MAPS     GNSS                IONEX VERSION / TYPE
ADDNEQ2 V5.5        AIUB                05-JUL-26 18:59     PGM / RUN BY / DATE 
CODE'S GLOBAL IONOSPHERE MAPS FOR DAY 182, 2026             COMMENT             
Global ionosphere maps (GIM) are generated on a daily basis DESCRIPTION         
at CODE using data from about 300 GNSS sites of the IGS and DESCRIPTION         
other institutions. The vertical total electron content     DESCRIPTION         
(VTEC) is modeled in a solar-geomagnetic reference frame    DESCRIPTION         
using a spherical harmonics expansion up to degree and      DESCRIPTION         
order 15. Piece-wise linear functions are used for          DESCRIPTION         
representation in the time domain. The time spacing of      DESCRIPTION         
their vertices is 1 hour, conforming with the epochs of the DESCRIPTION         
VTEC maps.                                                  DESCRIPTION         
To convert line-of-sight TEC into vertical TEC, a modified  DESCRIPTION         
single-layer model mapping function approximating the JPL   DESCRIPTION         
extended slab model mapping function is adopted. The        DESCRIPTION         
mapping function is evaluated at geodetic satellite         DESCRIPTION         
elevation angles. For the computation of the ionospheric    DESCRIPTION         
pierce points, a spherical layer with a radius of 6821 km   DESCRIPTION         
is assumed, implying geocentric, not geodetic IONEX         DESCRIPTION         
latitudes.                                                  DESCRIPTION         
Instrumental biases with respect to each involved GNSS code DESCRIPTION         
observable are estimated as constant values for each        DESCRIPTION         
day. They are modeled with one set of bias parameters for   DESCRIPTION         
each satellite and each station in case of GPS and for each DESCRIPTION         
satellite-station link in case of GLONASS. The code bias    DESCRIPTION         
datum is defined by zero-mean conditions imposed on the     DESCRIPTION         
satellite bias estimates. In this file, just GPS C1W-C2W    DESCRIPTION         
satellite and station bias values are included. The         DESCRIPTION         
complete set of GNSS code bias results is provided in an    DESCRIPTION         
additional Bias-SINEX file as pseudo-absolute values        DESCRIPTION         
specific to each observable.                                DESCRIPTION         
Note: These GIM results correspond to the results for the   DESCRIPTION         
middle day of a 3-day combination analysis solving for 73   DESCRIPTION         
times 256, or 18688 VTEC parameters and 3 daily sets of     DESCRIPTION         
GNSS code bias parameters.                                  DESCRIPTION         
Contact address: code(at)aiub.unibe.ch                      DESCRIPTION         
Data archive:    ftp.aiub.unibe.ch/CODE/                    DESCRIPTION         
                 www.aiub.unibe.ch/download/CODE/           DESCRIPTION         
  2026     7     1     0     0     0                        EPOCH OF FIRST MAP  
  2026     7     2     0     0     0                        EPOCH OF LAST MAP   
  3600                                                      INTERVAL            
[...]
badg bake barh bjfs bndy boav bogo bogt bor1 braz brft brst COMMENT             
brux bshm cags cas1 ccj2 cedu chpg chpi chti chur ckis cmum COMMENT             
coco cord cpvg cpxf cro1 daej darw dav1 dgar dhlg djig drao COMMENT             
dubi dubo ebre faa1 fair flin flrs frdn gamb ganp glps glsv COMMENT             
gode gol2 gold gope gras graz guam guug harb hers hert hlfx COMMENT             
hnpt hob2 hofn holb holm hrao iddr ieng iisc impz ineg iqal COMMENT             
irkj ispa jdpr jog2 joz2 joze karr kerg kir0 kiri kiru kit3 COMMENT             
kokb kokv kouc koug kour krgg lama laut lck4 lmmf lpal lpgs COMMENT             
m0se mac1 madr mal2 mas1 mat1 mate maui maw1 mcil mcm4 mdo1 COMMENT             
medi mgue mizu mkea mnls mobs monp morp mqzg mro1 mtka nano COMMENT             
naur nico nist nium nklg nlib nnor not1 nrc1 nrmd nya1 nyal COMMENT             
onsa ous2 park pdel penc pert pie1 pimo pohn pol2 pots pove COMMENT             
ptag ptbb ptvl qaq1 quin rbay reso reun reyk rgdg rio2 roth COMMENT             
salu samo sant sch2 scor scrz sctb seyg sfer smst spt0 sthl COMMENT             
stjo stk2 str2 suth sutm suwn sydn syog tash thtg thti thu2 COMMENT             
tid1 tidb tlse tn22 tow2 tro1 tskb tuva twtf txes uclu ufpr COMMENT             
ulab unb3 unbj unsa urum usn7 usud vald vill vtsp wab2 wark COMMENT             
wgtn whit will wind wsrt wtza wtzl wtzr wtzs wtzz xmis yar2 COMMENT             
yar3 yarr yell ykro zamb zeck zim2 zim3 zimm                COMMENT             
                                                            END OF HEADER       
[from data line 7293]
    18                                                      START OF TEC MAP    
  2026     7     1    17     0     0                        EPOCH OF CURRENT MAP
    87.5-180.0 180.0   5.0 450.0                            LAT/LON1/LON2/DLON/H
  137  136  136  135  134  134  133  132  132  131  131  130  129  129  128  128
  127  127  127  126  126  126  126  126  126  127  127  128  128  129  130  131
  132  133  134  135  136  137  138  139  140  141  142  143  144  145  146  147
  147  148  148  148  148  148  148  148  148  147  147  147  146  145  145  144
  143  142  142  141  140  139  138  138  137
    85.0-180.0 180.0   5.0 450.0                            LAT/LON1/LON2/DLON/H
  140  139  138  138  137  137  136  135  135  134  133  132  131  130  128  127
  126  124  123  122  121  121  121  120  121  121  122  123  124  126  128  130
  132  134  136  138  141  143  145  148  150  152  154  155  157  159  160  161
  163  163  164  164  164  164  164  163  162  161  160  158  157  155  153  151
  150  148  146  145  144  142  141  140  140
    82.5-180.0 180.0   5.0 450.0                            LAT/LON1/LON2/DLON/H
  142  142  142  142  143  143  143  143  143  142  141  140  139  137  135  133
  130  128  126  124  122  120  119  119  119  120  121  122  125  127  130  133
  137  140  143  147  150  153  156  159  161  164  166  169  171  173  175  177
  178  179  180  181  181  180  180  178  176  174  172  169  166  162  159  156
  153  151  148  146  145  144  143  142  142
    80.0-180.0 180.0   5.0 450.0                            LAT/LON1/LON2/DLON/H
  143  145  146  147  149  150  152  153  154  154  154  153  152  149  147  144
  140  137  133  130  127  124  123  122  122  123  124  126  129  133  137  141
  146  150  154  158  162  165  168  171  173  176  178  180  182  184  186  189
  191  192  194  195  195  194  193  191  188  184  180  176  171  167  162  158
  154  150  148  145  144  143  143  143  143
    77.5-180.0 180.0   5.0 450.0                            LAT/LON1/LON2/DLON/H
  146  148  150  153  155  158  161  163  165  167  168  167  166  164  161  158
  153  149  144  140  136  133  131  129  129  130  132  134  138  142  147  152
  157  162  167  171  175  178  180  182  183  184  186  187  189  191  193  196
  198  201  203  204  204  203  202  199  195  190  184  179  173  167  161  156
  152  148  145  144  143  142  143  144  146
    75.0-180.0 180.0   5.0 450.0                            LAT/LON1/LON2/DLON/H
  150  153  155  158  162  165  168  172  175  178  180  181  181  179  176  173
  168  163  157  152  148  145  142  141  140  141  142  145  148  152  157  162
  167  173  177  182  185  187  188  189  189  189  189  189  190  192  195  197
  201  204  206  208  208  207  205  201  196  190  183  176  170  163  158  153
  149  146  144  143  143  144  146  148  150
    72.5-180.0 180.0   5.0 450.0                            LAT/LON1/LON2/DLON/H
  158  161  163  165  168  171  174  178  182  185  189  191  192  192  190  186
  182  177  171  166  162  159  157  155  154  154  155  156  158  161  165  170
  175  179  184  188  190  191  192  191  190  189  188  187  188  189  192  195
  199  203  206  207  207  206  203  198  192  185  178  170  164  158  153  149
  147  146  145  146  148  150  152  155  158
    70.0-180.0 180.0   5.0 450.0                            LAT/LON1/LON2/DLON/H
  170  172  173  174  175  177  178  181  185  189  194  198  201  202  201  198
  194  190  185  181  177  175  173  172  170  169  168  168  168  169  171  174
  178  182  185  188  190  190  190  189  187  185  184  183  183  185  188  192
  196  200  203  204  203  201  196  190  183  176  169  162  157  152  149  148
  147  148  150  153  156  160  163  167  170
    67.5-180.0 180.0   5.0 450.0                            LAT/LON1/LON2/DLON/H
  183  185  186  185  184  183  183  184  187  191  196  201  206  209  209  208
  205  201  197  194  192  191  190  189  188  185  183  180  177  176  176  176
  178  181  183  184  185  185  184  183  181  180  179  179  180  182  185  189
  193  197  199  199  197  193  188  180  173  165  159  153  150  148  147  148
  150  153  157  161  166  171  176  180  183
    65.0-180.0 180.0   5.0 450.0                            LAT/LON1/LON2/DLON/H
  197  199  199  197  194  190  187  186  188  191  197  203  209  213  215  215
  213  210  208  206  205  206  206  206  204  201  197  191  187  183  180  179
  179  179  179  179  179  178  177  176  176  175  176  177  179  182  185  189
  193  196  197  195  192  186  179  171  163  156  150  147  145  145  147  150
  154  158  164  169  176  182  188  193  197
    62.5-180.0 180.0   5.0 450.0                            LAT/LON1/LON2/DLON/H
  207  209  210  208  204  199  194  191  190  192  197  204  211  216  220  221
  219  217  216  215  216  218  220  220  219  215  210  203  197  191  187  184
  182  180  178  176  174  172  171  171  172  174  176  179  181  185  188  192
  195  196  196  193  188  181  173  165  157  150  146  143  143  145  149  153
  157  162  167  173  180  188  195  202  207
    60.0-180.0 180.0   5.0 450.0                            LAT/LON1/LON2/DLON/H
  210  215  218  217  214  209  203  197  194  194  198  204  212  219  223  225
  224  223  221  222  224  227  230  232  231  228  222  215  209  203  198  194
  191  187  182  177  172  169  168  169  172  176  180  184  187  190  193  196
  197  198  196  192  186  179  171  163  155  149  145  144  144  147  151  155
  158  162  166  171  178  186  194  203  210
    57.5-180.0 180.0   5.0 450.0                            LAT/LON1/LON2/DLON/H
  206  214  220  223  223  219  213  206  200  198  200  206  214  221  226  228
  228  227  226  226  229  233  237  240  240  238  233  227  222  217  213  209
  204  198  190  182  174  170  168  170  175  181  186  191  194  197  199  200
  200  199  196  191  185  178  172  165  159  154  150  148  148  149  152  154
  156  158  160  163  169  176  186  196  206
    55.0-180.0 180.0   5.0 450.0                            LAT/LON1/LON2/DLON/H
  195  207  217  225  229  228  223  215  208  204  204  209  216  224  229  232
  232  230  229  230  232  236  241  244  246  245  243  239  235  232  229  225
  219  211  201  190  180  174  172  175  181  188  194  199  201  203  203  203
  202  199  195  190  185  180  176  172  168  163  158  154  152  152  152  152
  151  150  149  150  154  161  171  183  195
    52.5-180.0 180.0   5.0 450.0                            LAT/LON1/LON2/DLON/H
  180  195  209  222  231  235  232  225  217  211  209  213  219  227  233  236
  236  235  233  233  235  238  243  247  250  252  251  250  248  246  243  239
  233  223  211  199  187  180  179  182  189  196  202  206  207  207  206  204
  202  199  194  189  185  183  182  182  180  175  169  163  157  154  151  149
  146  142  138  137  139  146  155  167  180
    50.0-180.0 180.0   5.0 450.0                            LAT/LON1/LON2/DLON/H
  166  182  199  217  231  239  240  234  226  219  216  218  224  231  238  242
  242  241  238  237  238  241  246  251  255  258  259  260  259  257  254  249
  241  231  218  205  194  188  187  190  197  205  210  212  211  209  207  205
  203  198  193  188  186  186  190  193  193  189  181  171  162  156  151  147
  142  136  131  127  128  133  142  153  166
    47.5-180.0 180.0   5.0 450.0                            LAT/LON1/LON2/DLON/H
  156  171  190  210  229  241  245  241  233  226  222  224  230  237  244  249
  250  249  246  244  244  246  250  256  261  265  268  268  267  264  258  251
  243  232  221  210  201  196  196  200  207  213  217  217  215  212  210  208
  205  200  194  188  187  190  196  203  206  203  193  180  168  158  153  148
  143  137  131  126  126  129  136  144  156
    45.0-180.0 180.0   5.0 450.0                            LAT/LON1/LON2/DLON/H
  151  164  183  205  226  241  247  246  239  233  230  231  237  245  253  258
  260  259  256  253  252  254  258  264  271  275  278  278  274  268  259  250
  240  230  221  214  208  206  206  211  216  221  224  223  220  217  215  213
  210  205  198  191  189  193  202  212  218  215  204  188  174  164  158  155
  152  146  140  135  133  135  138  143  151
    42.5-180.0 180.0   5.0 450.0                            LAT/LON1/LON2/DLON/H
  153  163  180  201  223  240  248  249  244  239  237  239  245  254  262  269
  272  271  268  264  263  265  270  277  284  289  291  289  283  273  261  248
  237  229  224  221  220  219  220  223  227  231  232  230  227  224  224  223
  221  215  206  197  193  197  207  219  227  225  214  197  182  172  168  168
  167  164  158  153  150  149  149  150  153
    40.0-180.0 180.0   5.0 450.0                            LAT/LON1/LON2/DLON/H
  161  167  181  202  223  240  249  250  248  245  245  248  255  263  273  281
  285  285  281  277  276  279  285  293  300  305  307  304  297  284  269  254
  243  237  236  237  238  238  238  238  240  241  241  240  237  236  236  237
  236  229  217  205  199  201  212  225  234  233  222  206  191  183  181  185
  187  187  183  177  172  168  165  161  161
    37.5-180.0 180.0   5.0 450.0                            LAT/LON1/LON2/DLON/H
  171  174  187  206  225  241  250  252  252  252  254  258  264  273  283  293
  298  298  295  291  290  294  302  311  318  324  326  324  317  305  289  273
  263  258  260  263  265  264  260  257  254  254  253  252  251  250  251  253
  252  244  231  217  207  207  216  228  238  239  230  215  202  195  197  203
  210  211  208  202  195  188  181  175  171
    35.0-180.0 180.0   5.0 450.0                            LAT/LON1/LON2/DLON/H
  181  184  195  213  231  245  252  256  258  260  263  268  274  283  294  304
  311  312  308  304  304  310  319  329  337  343  347  349  345  336  323  309
  299  296  299  302  301  296  286  277  271  268  267  266  265  264  265  267
  266  259  245  229  216  213  219  230  239  242  235  224  212  207  211  220
  229  232  230  223  214  205  196  187  181
    32.5-180.0 180.0   5.0 450.0                            LAT/LON1/LON2/DLON/H
  190  193  205  223  240  252  258  262  266  270  274  279  284  293  304  316
  323  324  321  317  318  325  336  347  355  363  370  377  380  378  370  359
  351  348  349  348  342  330  313  298  288  283  282  280  278  275  275  276
  276  269  255  239  225  219  222  230  239  242  238  229  220  216  220  231
  241  246  243  235  225  214  204  194  190
    30.0-180.0 180.0   5.0 450.0                            LAT/LON1/LON2/DLON/H
  195  201  215  234  250  261  267  271  276  282  287  291  296  304  315  327
  335  336  333  330  332  340  352  362  371  380  392  406  419  426  425  419
  412  407  403  396  382  362  338  318  304  298  296  293  288  283  279  279
  278  273  261  245  231  223  223  228  235  239  238  231  224  220  223  233
  243  248  246  237  226  216  205  197  195
    27.5-180.0 180.0   5.0 450.0                            LAT/LON1/LON2/DLON/H
  196  206  224  244  261  272  277  282  289  296  301  305  309  317  328  341
  349  350  347  344  347  356  367  377  385  396  412  434  457  473  480  477
  470  462  451  436  415  387  359  335  320  314  310  305  296  286  278  275
  274  270  260  247  234  226  223  225  229  233  233  229  222  217  218  226
  235  240  238  229  219  209  201  195  196
    25.0-180.0 180.0   5.0 450.0                            LAT/LON1/LON2/DLON/H
  195  208  229  252  270  282  288  294  302  311  317  321  325  333  345  357
  365  366  363  361  364  372  382  390  398  409  430  459  490  514  526  526
  517  503  486  463  435  403  373  350  336  329  324  316  302  286  274  267
  265  262  255  244  233  225  220  219  220  224  225  222  215  208  206  211
  219  223  221  214  205  198  193  190  195
    22.5-180.0 180.0   5.0 450.0                            LAT/LON1/LON2/DLON/H
  191  207  230  255  276  289  297  306  316  326  334  339  345  353  365  377
  385  386  383  381  383  390  398  404  410  423  446  480  515  543  557  556
  545  526  501  472  441  410  383  363  352  346  339  327  308  287  270  260
  256  252  246  238  229  222  216  212  211  213  214  212  204  195  190  192
  197  200  199  194  189  185  183  184  191
    20.0-180.0 180.0   5.0 450.0                            LAT/LON1/LON2/DLON/H
  186  202  226  253  275  290  302  313  326  339  350  358  366  376  389  401
  408  410  407  405  406  410  414  418  423  436  461  496  532  559  571  568
  552  528  498  466  436  410  390  378  371  365  356  340  316  291  270  257
  250  245  238  231  224  217  211  205  202  202  203  200  191  180  173  172
  175  177  176  173  172  172  174  177  186
    17.5-180.0 180.0   5.0 450.0                            LAT/LON1/LON2/DLON/H
  179  194  217  243  267  285  300  316  332  348  362  374  386  399  413  425
  433  435  433  431  430  431  432  434  438  452  476  509  541  564  572  564
  544  515  483  452  426  409  400  396  393  387  375  354  328  300  277  261
  250  241  233  225  218  213  206  200  195  194  193  189  180  168  158  155
  156  157  156  156  157  162  167  171  179
    15.0-180.0 180.0   5.0 450.0                            LAT/LON1/LON2/DLON/H
  171  182  202  227  251  273  292  311  331  351  370  386  403  419  434  447
  456  459  459  457  455  452  450  450  455  469  492  520  546  562  564  552
  529  498  465  437  419  413  414  418  417  409  393  370  342  315  291  272
  257  243  230  220  214  209  204  197  191  188  186  181  171  159  149  144
  144  143  142  143  147  155  161  165  171
    12.5-180.0 180.0   5.0 450.0                            LAT/LON1/LON2/DLON/H
  160  167  182  205  230  254  277  300  324  347  370  392  412  431  449  463
  473  479  481  480  476  471  467  467  473  488  509  532  550  559  557  542
  517  486  455  431  421  424  435  443  442  430  409  383  356  331  308  287
  267  247  230  218  211  208  203  197  191  187  183  176  166  154  145  140
  138  136  134  135  141  150  157  159  160
    10.0-180.0 180.0   5.0 450.0                            LAT/LON1/LON2/DLON/H
  149  150  161  180  205  231  257  284  311  338  364  389  413  434  453  469
  481  491  496  497  492  486  481  482  491  507  527  544  556  560  555  541
  517  487  457  438  434  444  459  467  462  443  418  391  366  344  322  300
  276  251  231  217  210  207  204  199  193  188  182  174  164  154  146  142
  139  135  132  133  139  148  153  152  149
     7.5-180.0 180.0   5.0 450.0                            LAT/LON1/LON2/DLON/H
  137  133  139  156  180  208  237  267  297  326  354  380  405  427  447  464
  479  493  502  505  502  496  492  495  507  525  542  555  563  565  562  551
  530  502  474  457  456  468  482  486  473  446  416  388  366  348  329  306
  278  251  228  214  209  207  205  201  195  189  182  173  163  155  150  147
  144  139  134  134  140  147  150  145  137
     5.0-180.0 180.0   5.0 450.0                            LAT/LON1/LON2/DLON/H
  126  119  121  136  159  188  219  252  284  314  342  368  392  413  432  450
  469  486  499  506  505  501  500  506  520  538  553  563  569  573  575  570
  553  527  499  482  480  489  497  492  469  435  400  372  353  339  322  299
  271  243  221  209  205  205  203  200  194  187  179  170  161  155  153  152
  149  143  138  137  141  146  146  138  126
     2.5-180.0 180.0   5.0 450.0                            LAT/LON1/LON2/DLON/H
  117  108  108  121  144  174  208  243  277  307  334  357  378  397  415  433
  453  473  490  500  504  503  505  514  530  546  557  564  570  578  586  588
  576  551  522  502  496  499  497  481  449  408  370  343  327  316  301  279
  252  226  207  199  197  198  196  192  187  180  172  163  156  153  153  154
  152  147  141  140  143  145  141  131  117
