public/data/global.ionex
     1.0            IONOSPHERE MAPS     GNSS                IONEX VERSION / TYPE
ADDNEQ2 V5.5        AIUB                07-JUL-26 19:00     PGM / RUN BY / DATE 
CODE'S GLOBAL IONOSPHERE MAPS FOR DAY 184, 2026             COMMENT             
Global ionosphere maps (GIM) are generated on a daily basis DESCRIPTION         
at CODE using data from about 300 GNSS sites of the IGS and DESCRIPTION         
other institutions. The vertical total electron content     DESCRIPTION         
(VTEC) is modeled in a solar-geomagnetic reference frame    DESCRIPTION         
using a spherical harmonics expansion up to degree and      DESCRIPTION         
order 15. Piece-wise linear functions are used for          DESCRIPTION         
representation in the time domain. The time spacing of      DESCRIPTION         
their vertices is 1 hour, conforming with the epochs of the DESCRIPTION         
VTEC maps.                                                  DESCRIPTION         
To convert line-of-sight TEC into vertical TEC, a modified  DESCRIPTION         
single-layer model mapping function approximating the JPL   DESCRIPTION         
extended slab model mapping function is adopted. The        DESCRIPTION         
mapping function is evaluated at geodetic satellite         DESCRIPTION         
elevation angles. For the computation of the ionospheric    DESCRIPTION         
pierce points, a spherical layer with a radius of 6821 km   DESCRIPTION         
is assumed, implying geocentric, not geodetic IONEX         DESCRIPTION         
latitudes.                                                  DESCRIPTION         
Instrumental biases with respect to each involved GNSS code DESCRIPTION         
observable are estimated as constant values for each        DESCRIPTION         
day. They are modeled with one set of bias parameters for   DESCRIPTION         
each satellite and each station in case of GPS and for each DESCRIPTION         
satellite-station link in case of GLONASS. The code bias    DESCRIPTION         
datum is defined by zero-mean conditions imposed on the     DESCRIPTION         
satellite bias estimates. In this file, just GPS C1W-C2W    DESCRIPTION         
satellite and station bias values are included. The         DESCRIPTION         
complete set of GNSS code bias results is provided in an    DESCRIPTION         
additional Bias-SINEX file as pseudo-absolute values        DESCRIPTION         
specific to each observable.                                DESCRIPTION         
Note: These GIM results correspond to the results for the   DESCRIPTION         
middle day of a 3-day combination analysis solving for 73   DESCRIPTION         
times 256, or 18688 VTEC parameters and 3 daily sets of     DESCRIPTION         
GNSS code bias parameters.                                  DESCRIPTION         
Contact address: code(at)aiub.unibe.ch                      DESCRIPTION         
Data archive:    ftp.aiub.unibe.ch/CODE/                    DESCRIPTION         
                 www.aiub.unibe.ch/download/CODE/           DESCRIPTION         
  2026     7     3     0     0     0                        EPOCH OF FIRST MAP  
  2026     7     4     0     0     0                        EPOCH OF LAST MAP   
  3600                                                      INTERVAL            
[...]
azgb badg bake barh bjfs bndy boav bogo bogt bor1 braz brft COMMENT             
brst brux bshm cags cas1 ccj2 cedu chpg chpi chti chur ckis COMMENT             
cmum coco cord cpvg cpxf cro1 daej darw dav1 dgar dhlg djig COMMENT             
drao dubi dubo ebre faa1 fair flin flrs frdn gamb ganp glps COMMENT             
glsv gode gol2 gold gope gras graz guam guug harb hers hert COMMENT             
hlfx hnpt hob2 hofn holb holm hrao iddr ieng iisc impz iqal COMMENT             
irkj ispa jdpr jog2 joz2 joze karr kerg kir0 kiri kiru kit3 COMMENT             
kokb kokv kouc koug kour krgg lama laut lck4 lmmf lpal lpgs COMMENT             
m0se mac1 madr mal2 mas1 mat1 mate maui maw1 mcil mcm4 mdo1 COMMENT             
medi mgue mizu mkea mnls mobs monp morp mqzg mro1 mtka nano COMMENT             
naur nico nist nium nklg nlib nnor not1 nrc1 nrmd nya1 nyal COMMENT             
onsa ous2 park pdel penc pert pie1 pimo pohn pol2 polv pots COMMENT             
pove ptag ptbb ptvl qaq1 quin rbay reso reun reyk rgdg rio2 COMMENT             
roth salu samo sant sch2 scor scrz sctb seyg sfer smst spt0 COMMENT             
sthl stjo stk2 str2 suth sutm suwn sydn syog tash thtg thti COMMENT             
thu2 tid1 tidb tlse tn22 tow2 tro1 tskb tuva twtf txes uclu COMMENT             
ufpr ulab unb3 unbj unsa urum usn7 usud vald vill vtsp wab2 COMMENT             
wark wgtn whit will wind wsrt wtza wtzl wtzr wtzs wtzz xmis COMMENT             
yar2 yar3 yarr yell ykro zamb zeck zim2 zim3 zimm           COMMENT             
                                                            END OF HEADER       
[from data line 10296]
    25                                                      START OF TEC MAP    
  2026     7     4     0     0     0                        EPOCH OF CURRENT MAP
    87.5-180.0 180.0   5.0 450.0                            LAT/LON1/LON2/DLON/H
   90   89   89   88   87   87   86   85   84   83   82   82   81   80   79   78
   78   77   76   76   75   75   74   74   74   73   73   73   73   73   74   74
   74   75   75   76   77   77   78   79   80   81   82   83   84   85   86   87
   88   89   90   90   91   92   92   93   93   93   94   94   94   94   94   94
   93   93   93   93   92   92   91   91   90
    85.0-180.0 180.0   5.0 450.0                            LAT/LON1/LON2/DLON/H
  101  100   99   98   97   96   95   94   92   91   89   87   86   84   82   81
   79   78   77   75   74   73   73   72   71   71   71   71   70   71   71   71
   72   72   73   74   76   77   79   80   82   84   86   88   91   93   95   97
   99  101  102  104  105  106  107  108  108  109  109  109  109  108  108  107
  107  106  106  105  104  103  103  102  101
    82.5-180.0 180.0   5.0 450.0                            LAT/LON1/LON2/DLON/H
  113  113  112  111  111  109  108  107  105  103  100   98   95   92   90   87
   85   83   81   80   79   78   77   76   75   75   74   74   74   73   73   73
   74   74   75   77   78   80   82   85   87   90   93   97  100  103  106  109
  112  115  117  119  121  122  123  124  125  125  125  124  124  123  122  121
  120  119  118  117  116  115  115  114  113
    80.0-180.0 180.0   5.0 450.0                            LAT/LON1/LON2/DLON/H
  126  126  126  126  126  125  124  123  121  118  115  111  108  104  100   97
   94   91   89   87   86   86   85   85   84   84   83   82   81   81   80   80
   79   80   80   81   83   85   87   90   94   97  101  105  109  114  117  121
  125  128  131  134  136  137  139  139  140  140  139  138  137  136  134  133
  131  130  129  128  127  126  126  126  126
    77.5-180.0 180.0   5.0 450.0                            LAT/LON1/LON2/DLON/H
  138  139  140  141  142  142  142  140  138  135  131  127  122  116  111  106
  102   99   97   96   95   95   95   95   95   95   94   93   91   90   88   87
   86   86   86   87   88   90   93   97  100  104  109  113  118  122  127  131
  135  139  142  145  147  149  150  151  152  151  151  150  149  147  145  144
  142  141  139  138  138  137  137  138  138
    75.0-180.0 180.0   5.0 450.0                            LAT/LON1/LON2/DLON/H
  151  152  154  155  156  158  158  158  156  153  148  143  136  129  122  116
  111  107  105  104  104  105  105  106  106  105  104  102  100   98   96   94
   92   92   92   92   94   96   99  102  106  110  115  120  124  129  133  137
  141  144  148  151  153  155  157  158  159  159  159  158  157  156  155  154
  152  151  150  150  149  149  150  150  151
    72.5-180.0 180.0   5.0 450.0                            LAT/LON1/LON2/DLON/H
  165  166  167  168  169  171  172  173  172  169  164  158  150  142  133  125
  119  114  112  111  111  112  113  114  114  113  111  109  106  103  101   99
   97   96   97   97   99  101  104  107  111  115  119  123  128  132  135  139
  142  146  149  152  154  156  158  160  161  162  163  164  164  164  164  164
  163  163  163  164  164  164  165  165  165
    70.0-180.0 180.0   5.0 450.0                            LAT/LON1/LON2/DLON/H
  181  180  180  180  180  182  183  184  184  182  178  172  163  154  144  135
  127  122  118  117  117  118  119  119  118  116  114  111  108  105  103  101
  101  101  101  102  104  106  108  111  115  118  122  126  129  132  135  138
  141  144  146  149  152  154  156  158  160  162  164  166  168  170  172  174
  175  177  179  180  182  182  183  182  181
    67.5-180.0 180.0   5.0 450.0                            LAT/LON1/LON2/DLON/H
  200  196  193  191  190  190  191  192  193  192  189  183  175  165  155  145
  137  130  126  124  123  123  122  121  119  117  113  110  107  105  104  104
  105  106  107  108  110  111  113  115  118  121  124  127  129  131  133  135
  137  140  143  145  147  149  151  153  155  158  162  166  170  175  179  182
  186  190  194  198  201  203  203  202  200
    65.0-180.0 180.0   5.0 450.0                            LAT/LON1/LON2/DLON/H
  219  214  208  202  198  196  196  197  197  197  195  191  185  176  167  157
  149  141  136  132  130  128  126  123  120  116  113  110  108  107  107  108
  110  113  115  116  117  118  119  120  122  124  126  128  129  130  131  132
  134  137  139  142  144  145  146  147  149  152  157  163  170  177  183  189
  195  201  207  213  219  223  224  223  219
    62.5-180.0 180.0   5.0 450.0                            LAT/LON1/LON2/DLON/H
  237  231  223  214  208  203  200  199  199  199  198  196  192  186  179  171
  162  155  148  143  138  135  131  127  123  120  116  113  112  113  114  117
  120  123  125  126  126  126  125  125  126  127  129  129  130  129  129  130
  132  135  139  142  144  144  144  143  143  146  151  159  168  176  184  192
  199  206  215  224  232  238  242  241  237
    60.0-180.0 180.0   5.0 450.0                            LAT/LON1/LON2/DLON/H
  252  246  237  228  219  211  205  201  199  198  198  198  196  194  190  184
  177  170  162  156  150  145  140  136  132  129  126  124  124  125  127  130
  133  136  137  138  137  135  132  131  130  131  131  131  131  129  128  128
  130  135  140  145  147  147  144  141  139  140  146  154  164  174  182  190
  197  205  215  226  237  247  253  255  252
    57.5-180.0 180.0   5.0 450.0                            LAT/LON1/LON2/DLON/H
  261  257  251  242  233  223  214  206  200  197  196  196  198  199  198  196
  191  185  177  170  164  159  154  151  148  146  144  143  143  143  145  146
  148  150  151  150  147  144  140  136  135  134  134  134  132  129  127  127
  130  136  144  151  155  154  149  143  138  137  141  149  159  169  178  184
  191  198  208  221  234  246  256  261  261
    55.0-180.0 180.0   5.0 450.0                            LAT/LON1/LON2/DLON/H
  263  264  261  256  249  238  227  216  205  198  194  194  197  200  203  204
  202  198  191  185  179  175  173  171  170  170  169  168  167  166  165  165
  164  164  164  162  158  152  146  141  138  137  137  136  133  129  126  125
  129  137  148  159  165  165  159  150  141  137  139  145  155  165  172  177
  181  187  196  209  224  239  250  259  263
    52.5-180.0 180.0   5.0 450.0                            LAT/LON1/LON2/DLON/H
  258  265  269  269  266  257  245  231  216  204  197  194  196  200  205  209
  209  207  203  198  195  193  194  195  196  197  197  196  194  190  186  182
  179  177  175  173  168  161  153  146  141  139  138  137  134  129  124  122
  127  137  152  166  175  177  171  160  149  141  140  145  154  162  168  171
  172  176  185  197  212  227  240  250  258
    50.0-180.0 180.0   5.0 450.0                            LAT/LON1/LON2/DLON/H
  251  262  272  280  283  278  267  251  233  217  205  198  197  200  205  210
  212  212  211  209  209  212  215  219  222  224  224  222  218  211  204  197
  191  188  186  184  179  171  162  152  145  142  141  139  136  129  123  120
  124  136  153  172  185  190  186  174  160  149  145  148  156  163  167  168
  168  171  178  190  203  217  229  240  251
    47.5-180.0 180.0   5.0 450.0                            LAT/LON1/LON2/DLON/H
  243  257  274  289  298  299  291  276  257  238  221  209  203  202  205  209
  212  214  216  218  222  228  235  241  244  245  245  242  236  228  218  209
  202  199  198  196  192  184  173  161  151  146  145  143  139  132  124  119
  122  134  153  175  192  202  201  190  175  162  155  155  161  168  172  172
  172  174  181  192  203  214  223  232  243
    45.0-180.0 180.0   5.0 450.0                            LAT/LON1/LON2/DLON/H
  240  255  276  296  311  318  314  302  285  265  246  228  216  209  207  208
  212  216  220  226  234  243  252  257  260  259  257  254  248  240  230  220
  214  211  212  212  209  201  188  174  162  155  152  151  147  139  128  121
  121  132  152  175  196  211  214  207  192  177  167  165  170  177  182  183
  183  187  194  205  215  221  226  230  240
    42.5-180.0 180.0   5.0 450.0                            LAT/LON1/LON2/DLON/H
  244  259  281  304  324  334  336  329  316  298  278  256  236  222  213  211
  213  218  225  234  245  256  264  268  268  266  263  259  255  248  240  232
  227  226  229  232  230  222  208  192  178  169  166  164  160  150  138  127
  125  133  150  173  197  216  224  221  209  192  180  177  181  189  196  199
  202  207  216  227  236  239  238  238  244
    40.0-180.0 180.0   5.0 450.0                            LAT/LON1/LON2/DLON/H
  258  271  292  316  337  350  355  354  347  334  315  290  264  241  226  219
  219  224  232  243  256  267  273  274  271  266  263  262  260  257  251  245
  243  244  249  253  254  247  233  215  199  188  184  182  177  167  152  138
  132  136  149  170  194  216  231  233  223  206  192  188  193  203  212  218
  223  231  242  255  263  264  260  256  258
    37.5-180.0 180.0   5.0 450.0                            LAT/LON1/LON2/DLON/H
  281  293  312  334  353  366  374  377  377  370  354  329  297  267  245  233
  230  234  243  255  267  276  280  278  272  266  263  265  267  267  264  261
  260  263  269  274  276  271  258  241  224  212  206  204  198  186  169  153
  143  142  151  167  189  213  232  239  233  217  202  197  203  216  228  236
  243  252  266  280  289  290  285  280  281
    35.0-180.0 180.0   5.0 450.0                            LAT/LON1/LON2/DLON/H
  310  322  340  360  376  386  393  399  404  404  393  368  334  298  270  253
  247  249  257  267  278  285  286  281  273  267  267  272  278  280  278  275
  274  277  283  289  292  289  279  264  248  236  229  225  217  203  185  167
  155  150  153  163  181  205  228  241  238  224  209  204  211  226  241  250
  257  267  281  296  308  312  309  307  310
    32.5-180.0 180.0   5.0 450.0                            LAT/LON1/LON2/DLON/H
  341  356  376  394  406  412  416  422  431  436  429  407  371  332  300  278
  269  268  273  281  288  293  291  285  277  273  276  283  291  293  289  284
  281  283  288  293  297  297  291  280  266  255  248  242  232  216  196  177
  164  157  155  159  172  195  221  238  240  227  213  208  217  234  249  258
  264  272  285  301  315  324  328  332  341
    30.0-180.0 180.0   5.0 450.0                            LAT/LON1/LON2/DLON/H
  370  391  414  432  442  444  444  447  457  465  462  443  408  368  333  308
  295  290  291  295  299  300  297  291  285  283  288  297  303  301  293  283
  276  275  279  283  287  290  289  283  274  265  257  250  238  220  198  180
  168  160  155  153  161  182  210  233  239  229  214  210  220  237  253  260
  263  267  278  294  311  326  338  352  370
    27.5-180.0 180.0   5.0 450.0                            LAT/LON1/LON2/DLON/H
  393  422  450  470  480  479  474  474  482  491  492  476  444  405  369  342
  324  314  310  309  310  308  304  298  293  293  299  306  308  300  285  268
  257  254  256  259  263  268  272  273  269  263  256  247  233  213  190  173
  163  158  151  145  149  168  198  225  236  229  216  211  221  238  252  257
  256  257  265  280  299  320  342  366  393
    25.0-180.0 180.0   5.0 450.0                            LAT/LON1/LON2/DLON/H
  409  445  477  502  513  512  505  502  507  516  518  506  478  443  408  378
  356  340  331  325  321  316  310  303  299  299  303  306  302  286  262  240
  226  222  223  224  228  234  242  248  250  247  242  233  218  196  173  157
  151  148  142  135  135  153  186  218  234  230  218  213  222  237  249  251
  247  244  250  265  286  312  341  374  409
    22.5-180.0 180.0   5.0 450.0                            LAT/LON1/LON2/DLON/H
  419  458  494  522  538  539  532  527  530  538  541  533  511  480  448  417
  390  368  353  343  334  326  316  306  298  295  295  292  281  258  228  202
  188  185  187  187  189  194  205  215  221  222  219  211  196  172  149  136
  133  133  129  121  120  138  173  211  232  232  222  216  223  236  245  245
  239  236  241  256  279  308  342  380  419
    20.0-180.0 180.0   5.0 450.0                            LAT/LON1/LON2/DLON/H
  425  463  498  529  549  555  551  547  549  556  561  556  540  516  488  457
  426  399  379  364  351  338  321  304  290  279  272  263  246  218  187  162
  152  152  156  156  155  158  167  179  188  193  193  187  172  148  125  112
  111  115  113  105  104  123  162  204  231  236  227  221  224  234  241  240
  235  234  242  259  283  314  349  387  425
    17.5-180.0 180.0   5.0 450.0                            LAT/LON1/LON2/DLON/H
  432  463  494  524  547  558  559  558  562  570  576  575  566  549  526  496
  463  432  408  390  372  351  325  298  272  252  236  222  202  175  147  128
  124  131  139  139  134  132  138  149  159  166  169  166  152  129  104   91
   90   95   95   89   89  109  150  197  230  239  232  225  226  234  239  239
  237  242  255  275  302  332  366  399  432
    15.0-180.0 180.0   5.0 450.0                            LAT/LON1/LON2/DLON/H
  442  463  486  512  535  551  557  562  569  578  586  588  585  577  560  532
  498  465  439  418  396  366  329  288  249  217  194  176  158  137  118  107
  112  127  138  138  130  122  123  131  140  148  153  152  140  117   92   76
   74   79   79   73   74   96  140  190  227  240  236  229  229  234  239  241
  245  257  277  303  331  362  392  419  442
    12.5-180.0 180.0   5.0 450.0                            LAT/LON1/LON2/DLON/H
  461  471  483  502  522  539  550  559  570  581  590  595  597  595  585  562
  529  496  469  447  420  381  330  275  224  183  154  136  124  112  104  104
  118  138  154  154  142  130  125  128  134  142  148  149  139  116   89   71
   65   67   66   61   63   85  129  181  221  238  237  231  231  236  242  247
  257  276  304  335  367  398  425  447  461
    10.0-180.0 180.0   5.0 450.0                            LAT/LON1/LON2/DLON/H
  487  489  492  502  517  532  544  556  569  581  590  595  599  603  600  581
  551  520  495  472  441  393  331  264  203  155  124  110  106  106  108  117
  137  161  179  180  167  151  141  139  142  148  153  155  145  122   94   73
   63   61   58   53   55   77  120  172  212  232  234  231  233  239  247  256
  271  296  330  367  402  434  460  479  487
     7.5-180.0 180.0   5.0 450.0                            LAT/LON1/LON2/DLON/H
  521  520  518  520  527  536  546  557  571  582  587  590  594  601  602  589
  562  534  511  488  454  400  330  255  189  141  112  103  108  117  127  141
  162  186  204  207  195  179  166  160  159  161  165  165  155  133  104   79
   66   60   55   50   52   72  113  161  201  222  227  229  234  244  255  267
  285  314  352  392  429  463  492  512  521
     5.0-180.0 180.0   5.0 450.0                            LAT/LON1/LON2/DLON/H
  558  562  560  558  557  558  561  568  579  586  587  584  585  591  594  584
  561  536  515  493  457  400  326  250  186  142  119  117  128  142  155  167
  184  204  221  225  217  203  191  183  178  176  176  174  163  141  113   88
   72   64   57   51   53   71  107  151  187  209  218  225  235  250  264  279
  298  327  365  406  444  481  515  542  558
     2.5-180.0 180.0   5.0 450.0                            LAT/LON1/LON2/DLON/H
  592  607  612  610  604  596  590  590  595  597  591  580  574  577  579  570
  549  525  506  485  450  392  320  249  193  158  143  146  159  172  181  186
  194  208  221  228  226  217  208  200  192  186  182  177  165  144  117   93
   78   68   61   56   57   73  104  141  174  196  208  220  236  256  274  290
  309  336  371  409  447  485  525  563  592
