public/data/global.ionex
     1.0            IONOSPHERE MAPS     GNSS                IONEX VERSION / TYPE
ADDNEQ2 V5.5        AIUB                06-JUL-26 18:59     PGM / RUN BY / DATE 
CODE'S GLOBAL IONOSPHERE MAPS FOR DAY 183, 2026             COMMENT             
Global ionosphere maps (GIM) are generated on a daily basis DESCRIPTION         
at CODE using data from about 300 GNSS sites of the IGS and DESCRIPTION         
other institutions. The vertical total electron content     DESCRIPTION         
(VTEC) is modeled in a solar-geomagnetic reference frame    DESCRIPTION         
using a spherical harmonics expansion up to degree and      DESCRIPTION         
order 15. Piece-wise linear functions are used for          DESCRIPTION         
representation in the time domain. The time spacing of      DESCRIPTION         
their vertices is 1 hour, conforming with the epochs of the DESCRIPTION         
VTEC maps.                                                  DESCRIPTION         
To convert line-of-sight TEC into vertical TEC, a modified  DESCRIPTION         
single-layer model mapping function approximating the JPL   DESCRIPTION         
extended slab model mapping function is adopted. The        DESCRIPTION         
mapping function is evaluated at geodetic satellite         DESCRIPTION         
elevation angles. For the computation of the ionospheric    DESCRIPTION         
pierce points, a spherical layer with a radius of 6821 km   DESCRIPTION         
is assumed, implying geocentric, not geodetic IONEX         DESCRIPTION         
latitudes.                                                  DESCRIPTION         
Instrumental biases with respect to each involved GNSS code DESCRIPTION         
observable are estimated as constant values for each        DESCRIPTION         
day. They are modeled with one set of bias parameters for   DESCRIPTION         
each satellite and each station in case of GPS and for each DESCRIPTION         
satellite-station link in case of GLONASS. The code bias    DESCRIPTION         
datum is defined by zero-mean conditions imposed on the     DESCRIPTION         
satellite bias estimates. In this file, just GPS C1W-C2W    DESCRIPTION         
satellite and station bias values are included. The         DESCRIPTION         
complete set of GNSS code bias results is provided in an    DESCRIPTION         
additional Bias-SINEX file as pseudo-absolute values        DESCRIPTION         
specific to each observable.                                DESCRIPTION         
Note: These GIM results correspond to the results for the   DESCRIPTION         
middle day of a 3-day combination analysis solving for 73   DESCRIPTION         
times 256, or 18688 VTEC parameters and 3 daily sets of     DESCRIPTION         
GNSS code bias parameters.                                  DESCRIPTION         
Contact address: code(at)aiub.unibe.ch                      DESCRIPTION         
Data archive:    ftp.aiub.unibe.ch/CODE/                    DESCRIPTION         
                 www.aiub.unibe.ch/download/CODE/           DESCRIPTION         
  2026     7     2     0     0     0                        EPOCH OF FIRST MAP  
  2026     7     3     0     0     0                        EPOCH OF LAST MAP   
  3600                                                      INTERVAL            
[...]
badg bake barh bjfs bndy boav bogo bogt bor1 braz brft brst COMMENT             
brux bshm cags cas1 ccj2 cedu chpg chpi chti chur ckis cmum COMMENT             
coco cord cpvg cpxf cro1 daej darw dav1 dgar dhlg djig drao COMMENT             
dubi dubo ebre faa1 fair flin flrs frdn gamb ganp glps glsv COMMENT             
gode gol2 gold gope gras graz guam guug harb hers hert hlfx COMMENT             
hnpt hob2 hofn holb holm hrao iddr ieng iisc impz ineg iqal COMMENT             
irkj ispa jdpr jog2 joz2 joze karr kerg kir0 kiri kiru kit3 COMMENT             
kokb kokv kouc koug kour krgg lama laut lck4 lmmf lpal lpgs COMMENT             
m0se mac1 madr mal2 mas1 mat1 mate maui maw1 mcil mcm4 mdo1 COMMENT             
medi mgue mizu mkea mnls mobs monp morp mqzg mro1 mtka nano COMMENT             
naur nico nist nium nklg nlib nnor not1 nrc1 nrmd nya1 nyal COMMENT             
onsa ous2 park pdel penc pert pie1 pimo pohn pol2 polv pots COMMENT             
pove ptbb ptvl qaq1 quin rbay reso reun reyk rgdg rio2 roth COMMENT             
salu samo sant sch2 scor scrz sctb seyg sfer smst spt0 sthl COMMENT             
stjo stk2 str2 suth sutm suwn sydn syog tash thtg thti thu2 COMMENT             
tid1 tidb tlse tn22 tow2 tro1 tskb tuva twtf txes uclu ufpr COMMENT             
ulab unb3 unbj unsa urum usn7 usud vald vill vtsp wab2 wark COMMENT             
wgtn whit will wind wsrt wtza wtzl wtzr wtzs wtzz xmis yar2 COMMENT             
yar3 yarr yell ykro zamb zeck zim2 zim3 zimm                COMMENT             
                                                            END OF HEADER       
[from data line 5577]
    14                                                      START OF TEC MAP    
  2026     7     2    13     0     0                        EPOCH OF CURRENT MAP
    87.5-180.0 180.0   5.0 450.0                            LAT/LON1/LON2/DLON/H
  157  156  156  156  155  155  155  155  155  154  154  155  155  155  155  155
  155  155  155  155  156  156  156  156  156  156  156  157  157  157  157  157
  158  158  158  159  159  159  160  160  161  161  162  163  163  164  165  165
  166  166  167  167  167  168  168  168  168  167  167  167  166  165  165  164
  163  162  161  161  160  159  158  158  157
    85.0-180.0 180.0   5.0 450.0                            LAT/LON1/LON2/DLON/H
  155  154  154  153  153  153  153  153  154  154  155  155  156  156  157  157
  158  158  158  158  159  159  159  159  159  159  159  159  159  159  159  160
  160  160  160  161  161  162  162  163  164  165  166  168  169  171  173  175
  177  179  180  182  183  184  185  185  185  184  183  182  180  179  176  174
  172  169  167  164  162  160  158  157  155
    82.5-180.0 180.0   5.0 450.0                            LAT/LON1/LON2/DLON/H
  153  152  151  151  151  152  153  154  156  157  158  160  161  162  163  163
  164  164  164  165  165  165  165  165  164  164  164  164  164  164  164  164
  165  165  165  165  165  165  166  166  167  169  171  173  176  179  182  186
  189  193  197  200  203  205  207  207  207  207  205  202  199  196  192  187
  182  178  173  169  165  161  158  155  153
    80.0-180.0 180.0   5.0 450.0                            LAT/LON1/LON2/DLON/H
  152  151  150  151  152  153  155  158  160  162  164  166  168  169  170  171
  171  172  172  172  172  171  171  171  171  171  171  171  171  171  171  171
  172  172  171  171  171  170  170  170  171  172  174  177  181  185  190  196
  202  208  214  219  224  227  230  231  231  230  228  224  219  214  207  201
  193  186  179  173  167  162  158  154  152
    77.5-180.0 180.0   5.0 450.0                            LAT/LON1/LON2/DLON/H
  153  152  152  153  154  157  160  163  166  169  171  174  175  177  178  178
  179  179  179  179  178  178  178  178  177  177  177  177  177  178  179  179
  180  180  180  179  178  177  176  176  175  176  178  181  185  191  197  205
  213  221  228  235  241  246  250  251  251  249  246  241  235  228  220  212
  203  194  186  178  171  165  159  156  153
    75.0-180.0 180.0   5.0 450.0                            LAT/LON1/LON2/DLON/H
  157  156  156  157  159  162  165  169  172  175  178  180  181  182  183  184
  184  184  184  185  185  184  184  184  183  183  183  183  183  184  185  186
  187  188  188  188  187  185  183  182  180  180  182  185  189  196  203  212
  221  230  239  246  253  257  261  262  261  259  255  250  244  237  228  220
  211  202  193  184  177  170  165  160  157
    72.5-180.0 180.0   5.0 450.0                            LAT/LON1/LON2/DLON/H
  166  164  163  164  166  168  171  174  177  180  182  184  185  186  186  186
  187  188  188  189  190  190  190  190  189  188  188  187  187  188  190  192
  194  195  196  196  195  193  190  188  186  185  186  189  194  200  208  217
  226  234  242  249  254  258  260  260  259  256  253  248  243  237  230  223
  216  208  201  193  186  180  174  169  166
    70.0-180.0 180.0   5.0 450.0                            LAT/LON1/LON2/DLON/H
  178  175  173  172  172  174  175  178  180  182  183  185  185  186  186  187
  188  189  191  192  194  196  196  196  195  193  192  191  190  191  193  195
  198  200  202  203  202  200  197  194  192  191  192  194  199  205  212  220
  227  234  239  244  246  247  247  246  244  241  238  235  232  229  226  222
  219  214  210  205  199  193  188  182  178
    67.5-180.0 180.0   5.0 450.0                            LAT/LON1/LON2/DLON/H
  192  187  183  180  178  177  177  178  179  180  182  182  183  184  184  185
  187  189  191  194  197  200  201  201  200  198  195  193  192  192  194  197
  200  204  207  208  208  206  204  201  199  198  199  201  205  210  216  221
  225  229  230  231  230  228  225  222  219  217  215  215  215  216  218  219
  220  220  219  217  214  209  203  198  192
    65.0-180.0 180.0   5.0 450.0                            LAT/LON1/LON2/DLON/H
  204  197  191  186  181  178  176  175  175  176  177  178  179  180  181  183
  185  187  191  195  198  202  204  204  203  201  197  194  193  193  194  198
  202  206  210  212  213  212  210  209  207  207  208  210  213  216  219  220
  221  220  217  213  209  203  198  194  191  190  191  193  197  203  209  215
  221  226  229  229  228  224  218  211  204
    62.5-180.0 180.0   5.0 450.0                            LAT/LON1/LON2/DLON/H
  212  203  195  188  182  177  173  170  169  169  170  172  174  176  178  180
  183  185  189  193  197  201  203  204  204  201  198  195  193  193  195  199
  204  208  213  215  217  217  217  217  217  217  218  219  220  221  221  219
  215  209  202  195  187  180  175  171  168  169  171  177  184  193  203  213
  222  230  236  238  238  235  229  221  212
    60.0-180.0 180.0   5.0 450.0                            LAT/LON1/LON2/DLON/H
  213  203  194  186  179  172  167  163  161  160  162  165  168  172  175  178
  181  184  186  190  193  196  199  201  201  199  196  194  193  193  196  201
  206  212  216  219  222  223  225  226  227  228  228  228  227  225  221  215
  208  199  189  180  171  164  159  156  156  158  163  170  179  190  201  213
  223  232  239  242  242  238  232  223  213
    57.5-180.0 180.0   5.0 450.0                            LAT/LON1/LON2/DLON/H
  207  197  189  181  174  167  161  156  152  152  153  157  162  167  172  176
  180  182  184  186  188  190  192  194  195  194  193  192  192  195  199  204
  210  216  220  224  227  230  233  235  237  238  237  235  232  227  220  211
  201  190  180  171  163  158  156  155  157  161  167  175  184  194  204  214
  223  231  236  239  238  234  226  217  207
    55.0-180.0 180.0   5.0 450.0                            LAT/LON1/LON2/DLON/H
  194  186  179  174  168  162  155  149  145  144  146  150  156  163  169  175
  180  182  183  183  183  183  184  186  188  189  190  191  193  197  203  210
  216  221  226  229  233  237  241  245  247  248  246  241  235  227  218  207
  196  186  176  169  165  164  164  167  171  176  182  189  197  204  211  217
  222  226  229  229  227  221  213  204  194
    52.5-180.0 180.0   5.0 450.0                            LAT/LON1/LON2/DLON/H
  178  172  168  166  162  158  152  145  140  138  139  143  150  158  167  175
  181  184  185  183  180  178  178  180  183  186  188  191  195  201  208  216
  223  228  232  236  240  245  250  254  257  256  252  246  236  226  216  206
  196  187  180  176  176  178  182  187  192  197  203  208  213  217  218  219
  218  218  217  215  211  204  195  186  178
    50.0-180.0 180.0   5.0 450.0                            LAT/LON1/LON2/DLON/H
  160  157  157  158  157  155  149  143  137  134  135  139  145  154  164  174
  183  188  189  186  182  178  176  178  182  186  190  195  200  207  216  224
  231  236  240  243  248  254  260  265  267  265  259  250  238  227  216  207
  200  194  190  189  192  197  203  210  215  220  224  227  229  228  225  220
  214  209  205  201  195  186  177  167  160
    47.5-180.0 180.0   5.0 450.0                            LAT/LON1/LON2/DLON/H
  146  144  146  150  152  151  147  141  136  133  133  136  142  151  163  175
  187  195  198  195  189  183  181  182  187  192  198  203  209  217  226  234
  241  246  250  254  259  266  273  278  279  276  267  256  243  230  221  214
  209  205  204  206  210  217  224  230  234  237  240  241  241  237  230  220
  210  202  195  189  182  173  162  152  146
    45.0-180.0 180.0   5.0 450.0                            LAT/LON1/LON2/DLON/H
  136  135  138  143  146  147  144  140  136  134  134  137  142  150  163  178
  193  205  210  208  202  195  192  194  199  205  210  216  222  229  238  247
  254  259  263  268  275  283  290  294  294  289  279  265  251  239  230  225
  222  221  221  223  227  233  239  243  246  247  248  249  247  242  232  220
  208  199  191  184  176  166  154  143  136
    42.5-180.0 180.0   5.0 450.0                            LAT/LON1/LON2/DLON/H
  133  130  132  136  139  140  139  137  135  136  137  140  145  153  166  183
  201  217  225  225  219  212  208  210  216  222  228  233  238  245  254  262
  270  276  282  289  298  306  313  316  315  308  296  280  265  252  244  240
  239  238  238  239  242  246  249  251  252  251  251  252  250  244  235  222
  210  201  193  187  179  168  155  142  133
    40.0-180.0 180.0   5.0 450.0                            LAT/LON1/LON2/DLON/H
  136  130  128  129  130  131  130  131  133  138  142  147  152  160  173  191
  212  230  242  244  238  231  228  229  235  242  248  252  257  263  272  281
  290  298  306  316  327  337  343  344  340  331  317  301  284  270  261  257
  256  255  254  253  254  255  257  256  255  253  253  253  252  247  239  228
  217  209  203  197  189  177  162  148  136
    37.5-180.0 180.0   5.0 450.0                            LAT/LON1/LON2/DLON/H
  144  133  126  123  121  120  120  124  130  139  148  155  161  169  183  202
  225  245  259  263  259  251  247  248  254  261  267  271  276  283  292  303
  313  324  336  350  364  374  379  377  370  358  343  325  306  290  279  274
  272  271  268  266  265  265  265  264  261  259  258  258  257  253  246  236
  228  222  217  212  203  191  175  159  144
    35.0-180.0 180.0   5.0 450.0                            LAT/LON1/LON2/DLON/H
  155  140  128  120  114  110  111  117  127  140  152  162  170  180  194  214
  238  260  276  281  277  269  264  264  269  276  283  288  294  302  313  326
  339  353  369  387  404  415  417  412  400  386  370  350  329  310  296  289
  286  285  282  280  279  279  279  278  275  272  270  270  268  264  256  248
  241  237  233  227  219  206  190  172  155
    32.5-180.0 180.0   5.0 450.0                            LAT/LON1/LON2/DLON/H
  166  149  133  121  111  106  106  112  125  140  155  168  178  190  206  227
  251  274  291  297  293  284  277  275  279  286  294  301  309  320  334  349
  365  383  402  424  442  453  453  443  428  411  393  373  350  328  311  302
  299  298  297  297  298  300  301  300  297  294  291  288  284  277  269  261
  255  251  246  240  230  218  202  185  166
    30.0-180.0 180.0   5.0 450.0                            LAT/LON1/LON2/DLON/H
  177  159  142  127  115  108  107  113  125  141  156  170  182  197  215  237
  262  286  303  309  306  295  285  280  283  290  299  309  320  334  351  370
  389  408  431  454  473  483  480  466  447  429  411  390  366  342  324  314
  311  312  315  318  323  328  331  331  328  323  317  310  302  292  281  273
  266  261  255  247  237  224  210  195  177
    27.5-180.0 180.0   5.0 450.0                            LAT/LON1/LON2/DLON/H
  187  171  154  139  127  119  116  120  130  142  155  168  182  198  219  243
  269  293  310  318  314  303  290  282  282  290  301  314  328  346  366  387
  407  428  450  473  492  500  494  477  456  438  421  402  379  354  335  326
  325  330  337  346  354  362  366  366  361  353  343  331  317  303  290  280
  273  267  259  248  237  225  214  202  187
    25.0-180.0 180.0   5.0 450.0                            LAT/LON1/LON2/DLON/H
  195  182  168  156  145  137  133  133  138  145  153  163  176  194  217  243
  270  295  313  321  318  306  292  282  280  288  301  317  335  355  377  400
  420  440  459  480  496  502  493  474  454  437  424  409  388  365  348  340
  343  352  364  377  389  397  400  398  389  377  363  345  326  308  293  282
  274  267  257  244  232  222  214  205  195
    22.5-180.0 180.0   5.0 450.0                            LAT/LON1/LON2/DLON/H
  201  192  182  174  166  160  154  151  150  150  152  156  167  185  210  238
  266  290  309  319  317  306  291  280  279  288  303  322  342  364  387  409
  429  445  459  474  486  489  479  461  443  431  423  413  397  377  363  358
  365  379  395  411  423  429  429  422  409  392  373  350  327  306  289  279
  272  264  252  238  225  217  212  207  201
    20.0-180.0 180.0   5.0 450.0                            LAT/LON1/LON2/DLON/H
  205  200  194  190  186  181  175  168  162  156  151  150  157  174  199  227
  255  280  300  311  311  303  290  280  280  291  309  330  352  373  396  417
  434  445  453  461  467  467  458  443  430  424  422  418  407  392  381  381
  391  408  426  442  452  454  448  435  417  396  372  347  321  298  282  272
  266  259  248  234  221  213  211  209  205
    17.5-180.0 180.0   5.0 450.0                            LAT/LON1/LON2/DLON/H
  209  205  202  201  199  196  190  182  173  162  151  144  147  161  185  212
  240  264  284  297  301  296  287  281  284  299  320  342  364  385  406  426
  440  446  446  446  446  443  436  426  420  421  427  429  422  411  403  405
  418  436  454  468  474  470  457  438  416  392  365  338  311  288  273  266
  262  256  246  233  221  214  213  212  209
    15.0-180.0 180.0   5.0 450.0                            LAT/LON1/LON2/DLON/H
  213  208  205  205  204  202  196  188  178  166  152  141  140  150  170  196
  222  245  265  279  286  287  284  284  292  310  334  358  378  397  417  436
  448  450  444  436  430  427  423  419  420  429  440  445  441  431  425  428
  441  459  475  485  486  476  458  435  410  385  358  330  303  281  267  261
  260  257  249  237  227  221  219  217  213
    12.5-180.0 180.0   5.0 450.0                            LAT/LON1/LON2/DLON/H
  217  210  204  202  201  197  192  185  176  166  152  140  135  141  157  179
  202  224  243  259  270  276  281  288  302  325  351  374  393  410  428  447
  459  459  449  436  427  423  422  424  433  447  461  467  461  449  442  444
  457  473  486  493  489  475  454  429  405  381  356  329  303  281  267  262
  261  260  255  246  237  231  228  224  217
    10.0-180.0 180.0   5.0 450.0                            LAT/LON1/LON2/DLON/H
  222  211  201  195  191  185  179  173  168  161  150  139  131  133  144  163
  184  204  223  240  254  266  278  293  313  339  366  389  405  420  438  457
  472  473  462  447  437  433  436  443  456  473  486  488  477  461  449  449
  460  474  485  489  483  469  448  426  405  385  363  338  311  288  272  265
  265  265  263  256  249  243  238  232  222
     7.5-180.0 180.0   5.0 450.0                            LAT/LON1/LON2/DLON/H
  227  212  198  188  179  169  161  156  154  152  146  136  128  126  133  148
  167  187  206  224  241  259  278  299  323  351  377  398  412  425  443  465
  483  488  480  467  457  455  460  471  485  501  510  505  485  461  444  441
  449  461  472  476  471  458  441  425  411  397  379  355  327  301  281  271
  268  269  269  265  259  254  248  239  227
     5.0-180.0 180.0   5.0 450.0                            LAT/LON1/LON2/DLON/H
  230  213  197  182  169  155  145  139  139  140  138  131  123  119  123  135
  153  174  194  214  234  256  279  305  331  359  383  401  412  423  441  466
  489  500  497  487  481  481  488  498  512  523  525  509  479  446  424  418
  425  437  448  453  452  444  433  424  418  410  397  374  345  315  289  274
  268  269  270  269  264  259  253  244  230
     2.5-180.0 180.0   5.0 450.0                            LAT/LON1/LON2/DLON/H
  231  215  198  181  164  147  133  125  125  127  128  123  116  110  112  123
  142  165  188  210  232  257  283  310  336  361  381  395  403  412  430  457
  485  502  505  502  499  502  509  518  527  532  524  498  458  417  390  383
  390  403  416  424  426  424  420  418  418  417  408  387  356  322  292  271
  262  262  264  264  261  256  251  243  231
