public/data/global.ionex
     1.0            IONOSPHERE MAPS     GNSS                IONEX VERSION / TYPE
ADDNEQ2 V5.5        AIUB                08-JUL-26 19:06     PGM / RUN BY / DATE 
CODE'S GLOBAL IONOSPHERE MAPS FOR DAY 185, 2026             COMMENT             
Global ionosphere maps (GIM) are generated on a daily basis DESCRIPTION         
at CODE using data from about 300 GNSS sites of the IGS and DESCRIPTION         
other institutions. The vertical total electron content     DESCRIPTION         
(VTEC) is modeled in a solar-geomagnetic reference frame    DESCRIPTION         
using a spherical harmonics expansion up to degree and      DESCRIPTION         
order 15. Piece-wise linear functions are used for          DESCRIPTION         
representation in the time domain. The time spacing of      DESCRIPTION         
their vertices is 1 hour, conforming with the epochs of the DESCRIPTION         
VTEC maps.                                                  DESCRIPTION         
To convert line-of-sight TEC into vertical TEC, a modified  DESCRIPTION         
single-layer model mapping function approximating the JPL   DESCRIPTION         
extended slab model mapping function is adopted. The        DESCRIPTION         
mapping function is evaluated at geodetic satellite         DESCRIPTION         
elevation angles. For the computation of the ionospheric    DESCRIPTION         
pierce points, a spherical layer with a radius of 6821 km   DESCRIPTION         
is assumed, implying geocentric, not geodetic IONEX         DESCRIPTION         
latitudes.                                                  DESCRIPTION         
Instrumental biases with respect to each involved GNSS code DESCRIPTION         
observable are estimated as constant values for each        DESCRIPTION         
day. They are modeled with one set of bias parameters for   DESCRIPTION         
each satellite and each station in case of GPS and for each DESCRIPTION         
satellite-station link in case of GLONASS. The code bias    DESCRIPTION         
datum is defined by zero-mean conditions imposed on the     DESCRIPTION         
satellite bias estimates. In this file, just GPS C1W-C2W    DESCRIPTION         
satellite and station bias values are included. The         DESCRIPTION         
complete set of GNSS code bias results is provided in an    DESCRIPTION         
additional Bias-SINEX file as pseudo-absolute values        DESCRIPTION         
specific to each observable.                                DESCRIPTION         
Note: These GIM results correspond to the results for the   DESCRIPTION         
middle day of a 3-day combination analysis solving for 73   DESCRIPTION         
times 256, or 18688 VTEC parameters and 3 daily sets of     DESCRIPTION         
GNSS code bias parameters.                                  DESCRIPTION         
Contact address: code(at)aiub.unibe.ch                      DESCRIPTION         
Data archive:    ftp.aiub.unibe.ch/CODE/                    DESCRIPTION         
                 www.aiub.unibe.ch/download/CODE/           DESCRIPTION         
  2026     7     4     0     0     0                        EPOCH OF FIRST MAP  
  2026     7     5     0     0     0                        EPOCH OF LAST MAP   
  3600                                                      INTERVAL            
[...]
azgb badg bake barh bjfs bndy boav bogo bogt bor1 braz brft COMMENT             
brst brux bshm cags cas1 ccj2 cedu chpg chpi chti chur ckis COMMENT             
cmum coco cord cpvg cpxf cro1 daej darw dav1 dgar dhlg djig COMMENT             
drao dubi dubo ebre faa1 fair flin flrs frdn gamb ganp glps COMMENT             
glsv gode gol2 gold gope gras graz guam guug harb hers hert COMMENT             
hlfx hnpt hob2 hofn holb holm hrao iddr ieng iisc impz iqal COMMENT             
ispa jdpr jog2 joz2 joze karr kerg kir0 kiri kiru kit3 kokb COMMENT             
kokv kouc koug kour krgg lama laut lck4 lmmf lpal lpgs m0se COMMENT             
mac1 madr mal2 mas1 mat1 mate maui maw1 mcm4 mdo1 medi mgue COMMENT             
mizu mkea mnls mobs monp mqzg mro1 mtka nano naur nico nist COMMENT             
nium nklg nlib nnor not1 nrc1 nrmd nya1 nyal onsa ous2 park COMMENT             
pdel penc pert pie1 pimo pohn pol2 polv pots pove ptag ptbb COMMENT             
ptvl qaq1 quin rbay reso reun reyk rgdg rio2 salu samo sant COMMENT             
sch2 scor scrz sctb seyg sfer smst spt0 sthl stjo stk2 str2 COMMENT             
suth sutm suwn sydn syog tash thtg thti thu2 tid1 tidb tlse COMMENT             
tn22 tow2 tro1 tskb tuva twtf txes uclu ufpr ulab unb3 unbj COMMENT             
unsa urum usn7 usud vald vill vtsp wab2 wark wgtn whit will COMMENT             
wind wsrt wtza wtzl wtzr wtzs wtzz xmis yar2 yar3 yarr yell COMMENT             
ykro zamb zeck zim2 zim3 zimm                               COMMENT             
                                                            END OF HEADER       
[from data line 858]
     3                                                      START OF TEC MAP    
  2026     7     4     2     0     0                        EPOCH OF CURRENT MAP
    87.5-180.0 180.0   5.0 450.0                            LAT/LON1/LON2/DLON/H
  120  120  120  120  120  120  120  120  120  120  120  120  120  120  120  120
  119  119  119  119  119  119  119  119  119  119  119  119  119  119  120  120
  120  121  121  121  122  122  123  123  123  124  124  124  125  125  125  125
  125  125  125  125  125  125  124  124  124  123  123  123  122  122  122  121
  121  121  120  120  120  120  120  120  120
    85.0-180.0 180.0   5.0 450.0                            LAT/LON1/LON2/DLON/H
  116  116  117  117  118  118  118  119  119  119  119  119  118  118  118  117
  116  116  115  114  114  113  113  112  112  111  111  111  111  111  112  113
  113  114  115  116  117  118  119  121  122  123  124  124  125  126  126  127
  127  127  127  127  126  126  125  124  123  122  121  120  119  118  118  117
  116  116  115  115  115  115  115  116  116
    82.5-180.0 180.0   5.0 450.0                            LAT/LON1/LON2/DLON/H
  114  116  117  118  119  120  120  121  121  121  120  120  119  118  117  116
  115  113  111  110  108  107  105  104  103  101  101  100  100  100  101  102
  103  104  106  108  110  112  114  116  118  119  121  122  123  124  125  126
  127  127  127  127  126  126  125  124  123  121  120  118  116  115  113  112
  111  111  110  110  111  111  112  113  114
    80.0-180.0 180.0   5.0 450.0                            LAT/LON1/LON2/DLON/H
  118  120  122  124  125  126  126  127  127  126  125  124  123  121  119  117
  114  112  109  106  104  101   98   96   94   92   90   89   89   89   89   90
   92   94   96   99  102  105  107  110  113  115  117  119  120  121  122  123
  124  125  126  126  127  126  126  125  124  122  120  118  116  114  112  110
  109  109  109  110  111  113  115  117  118
    77.5-180.0 180.0   5.0 450.0                            LAT/LON1/LON2/DLON/H
  130  132  134  135  136  137  137  137  136  135  133  131  128  125  122  119
  115  112  108  105  101   98   94   91   87   84   82   80   79   79   79   81
   83   85   88   92   95   99  103  106  109  111  113  115  116  118  119  120
  121  122  124  126  127  128  129  129  128  127  125  122  120  117  116  114
  114  115  116  118  120  123  126  128  130
    75.0-180.0 180.0   5.0 450.0                            LAT/LON1/LON2/DLON/H
  150  151  152  152  152  151  150  149  148  145  143  139  136  131  127  122
  118  113  109  105  101   97   92   88   84   81   78   75   74   74   74   76
   78   81   84   88   92   96  100  104  107  110  112  113  114  115  116  116
  118  120  122  125  128  131  134  135  136  136  134  132  130  127  126  126
  127  129  131  135  139  143  146  148  150
    72.5-180.0 180.0   5.0 450.0                            LAT/LON1/LON2/DLON/H
  175  174  172  170  168  165  163  161  159  156  153  148  143  138  132  126
  120  115  110  106  102   97   93   89   84   81   77   75   74   74   74   76
   79   82   85   89   93   97  101  105  109  112  114  115  115  115  115  115
  116  118  121  125  130  136  140  144  146  147  147  146  144  143  143  144
  146  151  156  161  167  171  174  175  175
    70.0-180.0 180.0   5.0 450.0                            LAT/LON1/LON2/DLON/H
  202  197  191  186  181  176  173  170  168  165  161  156  150  143  136  129
  122  116  111  107  103   99   95   91   87   84   81   79   78   79   80   82
   84   87   89   93   96  100  104  108  112  116  118  119  119  118  117  116
  116  118  121  126  133  140  147  153  157  160  161  161  161  161  162  166
  171  178  186  193  200  204  206  205  202
    67.5-180.0 180.0   5.0 450.0                            LAT/LON1/LON2/DLON/H
  225  216  206  197  189  182  178  175  173  170  167  163  156  149  140  131
  123  117  111  107  104  101   98   94   91   88   86   85   86   87   89   91
   93   95   96   98  100  103  107  112  117  122  125  127  127  125  123  121
  120  120  123  128  135  143  151  159  165  170  173  175  177  179  182  188
  196  206  216  226  233  237  237  232  225
    65.0-180.0 180.0   5.0 450.0                            LAT/LON1/LON2/DLON/H
  242  229  215  202  192  184  178  175  173  172  170  167  161  153  144  134
  125  117  111  107  105  103  100   98   96   94   93   93   95   97  100  102
  103  104  104  104  104  106  110  115  121  127  132  135  136  134  132  128
  126  125  127  131  137  144  153  161  169  176  181  185  189  193  199  207
  217  229  242  252  260  263  261  253  242
    62.5-180.0 180.0   5.0 450.0                            LAT/LON1/LON2/DLON/H
  251  235  219  204  192  182  176  172  171  171  171  169  165  158  149  138
  128  119  113  109  107  105  104  102  101  100  100  101  104  106  109  111
  112  111  110  108  107  108  111  117  124  131  138  143  145  144  142  138
  135  133  133  135  138  144  151  159  167  175  182  188  194  201  208  218
  230  244  257  269  276  278  274  264  251
    60.0-180.0 180.0   5.0 450.0                            LAT/LON1/LON2/DLON/H
  252  236  221  206  194  183  176  171  168  168  169  170  169  164  155  145
  134  124  117  113  111  110  109  108  107  107  107  109  111  114  116  118
  118  116  114  111  109  108  111  117  124  133  142  148  152  153  152  150
  147  144  143  142  142  144  148  153  161  169  178  186  194  202  211  221
  233  247  260  272  279  281  276  266  252
    57.5-180.0 180.0   5.0 450.0                            LAT/LON1/LON2/DLON/H
  249  237  225  213  202  192  182  174  168  166  167  170  172  170  164  154
  143  133  126  122  120  119  119  117  116  115  115  116  118  119  120  121
  120  119  116  113  111  110  111  116  124  133  142  150  156  160  161  161
  161  159  157  153  150  147  146  148  153  161  170  180  189  198  206  215
  226  239  251  262  269  272  268  260  249
    55.0-180.0 180.0   5.0 450.0                            LAT/LON1/LON2/DLON/H
  246  241  235  229  221  210  197  184  173  167  167  171  175  177  174  166
  156  147  140  136  134  134  133  131  129  127  126  125  124  123  122  122
  121  120  119  117  114  113  114  117  123  132  141  150  158  164  169  174
  177  178  176  171  163  155  148  145  147  153  162  172  182  190  197  204
  212  222  233  243  251  255  255  251  246
    52.5-180.0 180.0   5.0 450.0                            LAT/LON1/LON2/DLON/H
  247  249  252  253  249  239  223  204  185  173  169  172  179  184  185  180
  172  163  157  154  153  152  151  148  145  142  139  136  132  128  124  123
  122  123  124  124  122  121  120  121  125  132  140  149  158  168  177  187
  195  200  201  195  184  171  158  150  147  151  158  167  176  182  186  190
  194  201  210  220  229  237  241  244  247
    50.0-180.0 180.0   5.0 450.0                            LAT/LON1/LON2/DLON/H
  252  263  274  282  284  275  256  230  204  184  175  176  183  191  195  193
  187  181  177  175  174  173  171  167  163  159  155  149  143  136  130  127
  128  131  134  136  136  133  131  129  130  134  141  150  160  172  185  200
  215  225  229  224  212  195  177  163  155  155  160  167  173  177  178  178
  178  182  190  200  212  223  233  242  252
    47.5-180.0 180.0   5.0 450.0                            LAT/LON1/LON2/DLON/H
  263  281  298  312  318  311  291  261  227  200  185  182  189  198  203  204
  201  196  194  194  194  194  191  187  182  178  173  167  158  149  142  139
  140  145  151  154  155  152  147  142  140  141  146  154  165  178  195  215
  234  250  258  256  243  224  202  184  172  167  168  172  176  177  174  170
  168  170  178  189  204  219  233  248  263
    45.0-180.0 180.0   5.0 450.0                            LAT/LON1/LON2/DLON/H
  279  299  319  337  346  341  322  289  252  219  199  192  196  204  210  212
  210  208  208  209  211  210  207  203  199  196  193  187  179  170  162  159
  160  167  174  179  179  175  168  160  155  154  157  163  173  188  206  229
  253  273  285  285  274  254  231  209  194  185  183  183  184  182  177  171
  167  168  176  190  207  225  243  260  279
    42.5-180.0 180.0   5.0 450.0                            LAT/LON1/LON2/DLON/H
  297  315  334  352  362  360  343  313  276  241  216  205  205  211  215  217
  215  215  216  219  221  220  217  214  213  213  213  211  205  196  189  186
  188  195  202  207  206  201  192  182  175  172  173  178  187  200  218  242
  267  290  305  309  300  281  258  236  218  206  200  198  196  192  186  179
  174  176  185  202  222  242  261  279  297
    40.0-180.0 180.0   5.0 450.0                            LAT/LON1/LON2/DLON/H
  315  329  344  357  366  366  353  328  295  262  237  223  219  219  221  220
  218  217  219  222  224  224  223  222  224  228  233  235  232  227  221  219
  220  226  232  235  234  227  217  206  197  193  193  196  202  212  228  250
  275  299  316  322  316  301  280  259  241  227  218  214  210  206  200  193
  189  192  204  222  245  266  285  301  315
    37.5-180.0 180.0   5.0 450.0                            LAT/LON1/LON2/DLON/H
  335  343  351  357  362  362  354  336  311  284  260  244  236  231  228  224
  220  218  219  222  224  225  226  228  233  242  252  258  259  257  253  250
  251  255  259  260  258  251  240  229  220  215  213  213  216  222  234  252
  275  297  315  323  320  309  293  275  258  243  233  228  224  221  217  212
  209  213  226  246  270  292  311  325  335
    35.0-180.0 180.0   5.0 450.0                            LAT/LON1/LON2/DLON/H
  357  361  361  360  359  357  352  342  325  305  286  269  257  248  240  232
  225  221  220  221  224  226  229  235  244  256  269  278  282  281  278  275
  274  275  277  278  276  270  260  248  239  233  229  227  225  226  232  246
  265  286  303  313  314  307  296  282  267  253  243  238  236  236  234  231
  230  235  248  269  293  316  335  349  357
    32.5-180.0 180.0   5.0 450.0                            LAT/LON1/LON2/DLON/H
  382  385  381  374  366  360  355  350  341  329  314  298  283  269  257  245
  236  229  225  225  228  232  238  246  258  271  284  293  296  295  291  287
  284  283  284  285  284  280  271  261  252  244  239  233  226  222  223  232
  248  267  284  295  299  297  290  281  269  257  248  244  245  248  250  249
  249  253  266  287  311  335  356  372  382
    30.0-180.0 180.0   5.0 450.0                            LAT/LON1/LON2/DLON/H
  411  418  414  403  389  378  371  367  363  356  344  329  312  296  280  266
  254  244  238  236  240  246  255  265  276  287  296  300  299  294  287  281
  277  274  275  278  280  279  273  263  254  246  238  228  217  208  205  211
  226  244  261  273  280  282  280  275  266  255  247  245  249  256  261  263
  263  267  279  298  322  348  373  395  411
    27.5-180.0 180.0   5.0 450.0                            LAT/LON1/LON2/DLON/H
  443  458  460  449  431  414  402  396  393  388  378  363  344  325  308  293
  279  268  259  256  260  270  280  289  296  300  301  297  289  278  267  258
  252  250  252  258  264  267  263  254  244  236  226  214  199  187  182  187
  201  220  238  252  261  267  269  267  260  251  243  243  249  260  269  272
  273  276  287  305  329  358  388  418  443
    25.0-180.0 180.0   5.0 450.0                            LAT/LON1/LON2/DLON/H
  476  501  512  505  488  467  450  439  433  426  415  398  378  357  339  324
  310  297  287  284  289  300  311  317  316  310  299  284  266  248  232  220
  213  212  217  227  237  243  241  233  224  214  205  191  175  161  156  162
  178  199  219  236  248  257  261  262  256  247  240  239  248  261  272  278
  279  283  293  311  336  366  402  440  476
    22.5-180.0 180.0   5.0 450.0                            LAT/LON1/LON2/DLON/H
  505  541  561  562  549  528  507  492  480  469  454  434  410  388  370  355
  342  329  319  316  322  333  342  341  330  310  286  259  232  207  187  174
  168  169  176  190  203  211  210  202  194  186  177  164  149  136  131  139
  158  182  206  226  242  253  259  261  256  247  238  238  247  261  274  281
  285  290  301  320  346  378  417  461  505
    20.0-180.0 180.0   5.0 450.0                            LAT/LON1/LON2/DLON/H
  528  570  598  609  603  587  566  547  531  514  493  468  441  417  397  383
  371  359  350  348  354  364  367  357  333  299  263  226  192  163  142  128
  123  126  136  151  166  175  174  166  159  154  148  138  125  114  112  122
  144  172  199  223  241  255  264  266  262  251  242  240  248  262  276  286
  292  301  315  336  363  396  436  481  528
    17.5-180.0 180.0   5.0 450.0                            LAT/LON1/LON2/DLON/H
  543  583  616  635  640  632  617  599  579  557  531  501  469  441  420  406
  394  384  375  373  379  385  381  360  322  276  230  188  152  123  102   91
   88   92  102  117  132  139  137  130  125  124  123  117  107   98   99  112
  135  165  196  223  245  262  272  276  272  262  251  247  254  267  282  294
  304  317  336  360  388  421  458  499  543
    15.0-180.0 180.0   5.0 450.0                            LAT/LON1/LON2/DLON/H
  549  582  614  639  654  658  652  638  620  596  566  530  492  459  435  420
  408  399  391  389  393  394  381  347  297  242  192  150  116   91   75   67
   66   70   80   92  104  108  106  100   98  101  105  103   97   91   93  106
  130  161  194  225  250  270  283  288  285  276  265  261  265  278  293  307
  322  341  364  391  421  451  483  515  549
    12.5-180.0 180.0   5.0 450.0                            LAT/LON1/LON2/DLON/H
  550  572  597  624  647  663  668  663  648  626  593  553  511  472  444  425
  413  403  396  393  393  388  365  321  262  203  153  116   91   73   62   59
   59   63   70   78   86   88   84   79   81   88   96   98   94   90   92  104
  127  157  191  224  253  276  291  299  299  292  283  279  283  294  309  326
  345  369  397  427  457  485  509  530  550
    10.0-180.0 180.0   5.0 450.0                            LAT/LON1/LON2/DLON/H
  552  560  576  600  628  652  667  671  664  645  614  571  524  480  446  424
  409  399  391  386  382  369  338  287  224  164  120   92   77   68   64   64
   66   68   71   75   78   77   73   70   74   85   95  100   97   93   93  103
  123  151  186  221  252  278  296  307  310  306  301  299  304  316  331  350
  373  400  431  462  491  517  535  546  552
     7.5-180.0 180.0   5.0 450.0                            LAT/LON1/LON2/DLON/H
  560  557  563  582  609  636  657  668  668  654  626  583  533  484  445  417
  400  387  378  370  361  342  305  250  188  134   98   81   75   74   76   78
   80   80   79   79   79   77   73   71   77   89  100  104  101   96   95  102
  118  144  178  214  247  274  295  308  315  317  316  319  326  339  355  375
  400  429  460  491  520  544  559  564  560
     5.0-180.0 180.0   5.0 450.0                            LAT/LON1/LON2/DLON/H
  576  568  568  580  602  625  645  658  662  654  630  589  538  485  441  409
  387  372  360  348  335  312  273  219  161  115   89   81   82   87   91   95
   96   93   90   87   85   83   79   79   85   96  106  108  104   97   94   98
  112  136  169  205  239  267  288  303  313  320  326  334  345  359  377  398
  424  453  482  510  538  562  578  582  576
     2.5-180.0 180.0   5.0 450.0                            LAT/LON1/LON2/DLON/H
  599  594  593  600  612  625  636  646  652  647  627  590  539  485  438  402
  376  357  341  326  308  283  245  197  148  111   93   91   96  101  105  107
  106  103   98   94   92   90   88   89   94  103  109  109  103   95   91   93
  105  127  159  195  228  255  276  292  304  315  327  340  356  374  393  415
  441  468  494  518  543  569  590  600  599
